15 0.08218232044198896 0.30908203125 0.031767955801104975 0.0556640625
1 0.6018646408839778 0.31201171875 0.01864640883977907 0.0322265625
2 0.5497237569060773 0.31201171875 0.015193370165745915 0.0361328125
1 0.512085635359116 0.3125 0.0214088397790055 0.0322265625
2 0.62603591160221 0.312744140625 0.01864640883977907 0.03466796875
1 0.48342541436464087 0.3125 0.015193370165745915 0.0341796875
1 0.7054558011049723 0.313232421875 0.01864640883977907 0.03662109375
2 0.654696132596685 0.3134765625 0.017955801104972344 0.0341796875
0 0.23204419889502761 0.314208984375 0.015193370165745837 0.03662109375
0 0.4544198895027624 0.314453125 0.015193370165745915 0.0341796875
0 0.5742403314917127 0.314697265625 0.017265193370165775 0.03173828125
0 0.7607044198895027 0.315673828125 0.02417127071823193 0.03759765625
2 0.20027624309392264 0.3154296875 0.02348066298342544 0.0341796875
1 0.8977900552486188 0.31591796875 0.019337016574585482 0.0400390625
2 0.12327348066298342 0.316650390625 0.020027624309392283 0.04150390625
0 0.14986187845303867 0.316650390625 0.019337016574585638 0.03662109375
2 0.2724447513812155 0.31689453125 0.020027624309392283 0.0361328125
0 0.33667127071823205 0.317626953125 0.017265193370165775 0.03857421875
0 0.29661602209944754 0.3173828125 0.015883977900552484 0.0390625
1 0.928867403314917 0.31787109375 0.019337016574585482 0.0400390625
10 0.5569751381215469 0.371826171875 0.022790055248618792 0.03662109375
10 0.763121546961326 0.37353515625 0.02762430939226524 0.0390625
9 0.08218232044198895 0.373779296875 0.02624309392265193 0.03857421875
10 0.8560082872928175 0.373779296875 0.02417127071823193 0.03759765625
10 0.1267265193370166 0.37548828125 0.026933701657458557 0.0361328125
10 0.43162983425414364 0.3759765625 0.02900552486187838 0.0361328125
14 0.2344613259668508 0.37841796875 0.0255524861878453 0.0380859375
13 0.3397790055248619 0.378662109375 0.02348066298342544 0.03466796875
14 0.6598756906077348 0.37890625 0.029696132596685104 0.041015625
15 0.08494475138121547 0.47900390625 0.02624309392265194 0.0556640625
0 0.698549723756906 0.47900390625 0.01450276243093919 0.03515625
0 0.5908149171270718 0.47998046875 0.017265193370165775 0.033203125
1 0.6719613259668508 0.480224609375 0.022099447513812227 0.03564453125
5 0.4716850828729282 0.480712890625 0.024861878453038656 0.03857421875
0 0.14882596685082872 0.481201171875 0.018646408839778993 0.03759765625
2 0.6457182320441989 0.481201171875 0.015193370165745915 0.03466796875
3 0.5379834254143646 0.4814453125 0.020718232044198932 0.041015625
5 0.5656077348066298 0.481689453125 0.020718232044198932 0.03759765625
1 0.7651933701657457 0.4814453125 0.020718232044198932 0.0419921875
0 0.337707182320442 0.481689453125 0.017955801104972344 0.03857421875
2 0.6180939226519336 0.481689453125 0.01381215469613262 0.03662109375
0 0.22997237569060772 0.4814453125 0.019337016574585638 0.0380859375
0 0.3028314917127072 0.4814453125 0.017265193370165775 0.033203125
5 0.7272099447513812 0.48193359375 0.019337016574585482 0.0419921875
4 0.49896408839779005 0.482666015625 0.01864640883977907 0.03564453125
1 0.8984806629834253 0.4833984375 0.023480662983425517 0.0400390625
2 0.27417127071823205 0.484130859375 0.017955801104972344 0.03759765625
2 0.1205110497237569 0.484619140625 0.017265193370165736 0.03857421875
1 0.9316298342541436 0.484375 0.019337016574585482 0.0400390625
2 0.2033839779005525 0.486083984375 0.017265193370165775 0.03662109375
9 0.0856353591160221 0.539794921875 0.024861878453038683 0.03466796875
10 0.43128453038674036 0.54248046875 0.024171270718232087 0.041015625
10 0.12361878453038673 0.542724609375 0.029005524861878455 0.03466796875
14 0.854281767955801 0.54443359375 0.023480662983425517 0.0380859375
11 0.5421270718232044 0.544677734375 0.02900552486187838 0.03076171875
11 0.6470994475138121 0.545654296875 0.02348066298342536 0.03759765625
14 0.7686464088397789 0.54541015625 0.023480662983425517 0.04296875
14 0.22997237569060772 0.5458984375 0.037292817679557985 0.0400390625
13 0.34150552486187846 0.548828125 0.026933701657458557 0.041015625
15 0.08494475138121547 0.64599609375 0.029005524861878455 0.0556640625
1 0.928867403314917 0.646728515625 0.020718232044198932 0.03564453125
1 0.7158149171270718 0.646728515625 0.020027624309392207 0.03271484375
0 0.5828729281767956 0.647216796875 0.020718232044198932 0.03662109375
2 0.6384668508287292 0.64697265625 0.01450276243093919 0.0380859375
0 0.5193370165745856 0.6474609375 0.017955801104972344 0.0341796875
0 0.898135359116022 0.6474609375 0.022790055248618792 0.03515625
0 0.15089779005524862 0.6474609375 0.020027624309392245 0.033203125
0 0.4606353591160221 0.648193359375 0.01381215469613262 0.03759765625
1 0.4889502762430939 0.64794921875 0.015193370165745915 0.03515625
2 0.6643646408839778 0.648193359375 0.017955801104972344 0.03564453125
2 0.12085635359116022 0.6484375 0.0234806629834254 0.0400390625
0 0.23342541436464087 0.648681640625 0.017955801104972344 0.03564453125
0 0.7683011049723757 0.6494140625 0.01864640883977907 0.0380859375
2 0.2731353591160221 0.650146484375 0.022790055248618792 0.03564453125
2 0.2037292817679558 0.650634765625 0.017955801104972344 0.03662109375
0 0.30386740331491713 0.65087890625 0.015193370165745837 0.0341796875
0 0.33908839779005523 0.65087890625 0.017955801104972344 0.0380859375
10 0.7745165745856353 0.708251953125 0.02555248618784538 0.03857421875
9 0.08356353591160219 0.708740234375 0.0303867403314917 0.04345703125
10 0.12569060773480661 0.70849609375 0.029005524861878455 0.0400390625
10 0.8594613259668508 0.708984375 0.03798342541436455 0.0419921875
10 0.4340469613259668 0.7099609375 0.02831491712707181 0.041015625
14 0.6650552486187845 0.713134765625 0.024861878453038656 0.04150390625
13 0.34185082872928174 0.713623046875 0.024861878453038656 0.03955078125
14 0.5611187845303867 0.71435546875 0.020027624309392207 0.0380859375
14 0.2337707182320442 0.715576171875 0.02831491712707181 0.03564453125
1 0.6363950276243094 0.813720703125 0.022790055248618792 0.03662109375
2 0.6622928176795579 0.8134765625 0.01381215469613262 0.0390625
1 0.17575966850828728 0.814208984375 0.018646408839778993 0.03466796875
0 0.3125 0.814208984375 0.015883977900552484 0.03564453125
6 0.7192679558011049 0.814453125 0.01864640883977907 0.03515625
15 0.0835635359116022 0.814453125 0.02624309392265193 0.0556640625
1 0.4091850828729282 0.814697265625 0.020027624309392207 0.03466796875
2 0.4651243093922652 0.814697265625 0.01450276243093919 0.03466796875
0 0.609806629834254 0.814453125 0.019337016574585638 0.0322265625
2 0.350828729281768 0.814697265625 0.017955801104972385 0.03564453125
0 0.49067679558011046 0.81494140625 0.01450276243093919 0.0361328125
1 0.5172651933701657 0.815185546875 0.022099447513812227 0.03857421875
2 0.4361187845303867 0.81494140625 0.01864640883977907 0.033203125
2 0.5832182320441989 0.815185546875 0.01864640883977907 0.03564453125
2 0.12120165745856352 0.81494140625 0.017265193370165736 0.0380859375
2 0.2033839779005525 0.81494140625 0.017265193370165775 0.033203125
0 0.37983425414364635 0.815185546875 0.020718232044198932 0.03662109375
2 0.693024861878453 0.815673828125 0.015883977900552484 0.03955078125
0 0.14675414364640885 0.81591796875 0.018646408839778993 0.03515625
2 0.22859116022099446 0.816650390625 0.01381215469613262 0.03466796875
1 0.287292817679558 0.81640625 0.017955801104972344 0.0380859375
0 0.25897790055248615 0.816650390625 0.020718232044198932 0.03759765625
0 0.8024861878453039 0.817138671875 0.020718232044198932 0.03466796875
1 0.7462016574585635 0.817138671875 0.022790055248618792 0.03759765625
0 0.5486878453038674 0.81787109375 0.01864640883977907 0.0322265625
10 0.8843232044198895 0.876220703125 0.022790055248618792 0.04150390625
10 0.1253453038674033 0.876708984375 0.026933701657458557 0.03759765625
9 0.08425414364640883 0.877197265625 0.02348066298342542 0.04052734375
10 0.8042127071823204 0.877685546875 0.01864640883977907 0.03857421875
10 0.46685082872928174 0.8779296875 0.024861878453038656 0.0322265625
8 0.2344613259668508 0.878662109375 0.022790055248618792 0.03466796875
10 0.35877071823204415 0.878662109375 0.026933701657458557 0.03466796875
14 0.587707182320442 0.88134765625 0.02348066298342536 0.041015625
14 0.694060773480663 0.881591796875 0.03729281767955806 0.04443359375
14 0.8456491712707183 0.881591796875 0.022790055248618792 0.03955078125
15 0.08459944751381214 0.142578125 0.03936464088397789 0.0576171875
1 0.9305939226519336 0.149169921875 0.014502762430939346 0.04248046875
1 0.9012430939226519 0.151123046875 0.019337016574585482 0.04150390625
15 0.08218232044198895 0.20654296875 0.037292817679558 0.0556640625
5 0.2358425414364641 0.20703125 0.015883977900552484 0.0322265625
2 0.8577348066298343 0.20703125 0.024861878453038656 0.041015625
1 0.5790745856353592 0.207763671875 0.017265193370165775 0.04345703125
2 0.16091160220994474 0.20751953125 0.019337016574585638 0.0400390625
6 0.2596685082872928 0.2080078125 0.015193370165745837 0.0361328125
5 0.6861187845303867 0.20849609375 0.022790055248618792 0.03515625
4 0.28625690607734805 0.208984375 0.018646408839778993 0.03515625
6 0.7382596685082873 0.210205078125 0.022099447513812067 0.03564453125
1 0.13743093922651933 0.210205078125 0.013812154696132582 0.03173828125
0 0.6329419889502762 0.21044921875 0.022790055248618792 0.0390625
5 0.6578038674033149 0.210693359375 0.01864640883977907 0.03466796875
4 0.7127071823204421 0.21142578125 0.017955801104972344 0.0341796875
6 0.7645027624309392 0.21142578125 0.020718232044198932 0.0341796875
0 0.18646408839779002 0.211669921875 0.017955801104972344 0.03857421875
2 0.606353591160221 0.2119140625 0.015193370165745915 0.0390625
5 0.21201657458563533 0.2119140625 0.017955801104972344 0.0380859375
1 0.3349447513812155 0.212158203125 0.019337016574585638 0.04248046875
2 0.36429558011049723 0.2119140625 0.015883977900552484 0.0380859375
0 0.39295580110497236 0.212158203125 0.02348066298342536 0.04248046875
2 0.8007596685082873 0.21240234375 0.02417127071823193 0.04296875
6 0.4861878453038674 0.216796875 0.022099447513812227 0.044921875
5 0.4544198895027624 0.21728515625 0.02348066298342536 0.0458984375
5 0.5158839779005525 0.21728515625 0.030386740331491673 0.048828125
5 0.42265193370165743 0.218505859375 0.019337016574585638 0.04541015625