15 0.10890151515151515 0.38671875 0.032196969696969696 0.080078125
2 0.45107323232323226 0.392822265625 0.04103535353535356 0.05224609375
1 0.6543560606060606 0.393798828125 0.030934343434343422 0.05810546875
1 0.5628156565656566 0.3935546875 0.03598484848484845 0.06640625
2 0.6982323232323232 0.394287109375 0.0353535353535353 0.05322265625
1 0.2761994949494949 0.394287109375 0.03851010101010101 0.05322265625
0 0.7686237373737373 0.394775390625 0.04229797979797987 0.05712890625
0 0.16445707070707072 0.394775390625 0.044823232323232334 0.05615234375
2 0.36332070707070707 0.395263671875 0.03598484848484845 0.05517578125
0 0.6101641414141414 0.396728515625 0.030934343434343495 0.05810546875
9 0.10827020202020202 0.470458984375 0.03851010101010101 0.06201171875
15 0.10637626262626261 0.596923828125 0.03851010101010101 0.08740234375
4 0.3607954545454546 0.597412109375 0.033459595959595974 0.05126953125
4 0.46811868686868685 0.59765625 0.030934343434343495 0.064453125
3 0.29829545454545453 0.598388671875 0.03598484848484845 0.05517578125
4 0.4150883838383838 0.598876953125 0.029671717171717182 0.05810546875
2 0.24684343434343434 0.59912109375 0.025252525252525235 0.05078125
1 0.20359848484848483 0.599609375 0.029671717171717182 0.060546875
0 0.15688131313131312 0.603271484375 0.035984848484848474 0.05908203125
9 0.10827020202020202 0.67919921875 0.0422979797979798 0.052734375
10 0.8181818181818181 0.679931640625 0.0265151515151514 0.05712890625
10 0.7638888888888888 0.68017578125 0.027777777777777714 0.056640625
14 0.5580808080808081 0.681884765625 0.02146464646464644 0.05029296875
13 0.6054292929292929 0.683349609375 0.029040404040404026 0.05712890625
10 0.8686868686868687 0.68408203125 0.029040404040404026 0.0615234375
12 0.6508838383838383 0.685302734375 0.027777777777777714 0.05419921875
11 0.6947601010101009 0.685302734375 0.028409090909091012 0.05419921875
15 0.10448232323232322 0.80224609375 0.03851010101010101 0.0830078125
4 0.15940656565656566 0.80419921875 0.032196969696969696 0.0517578125
4 0.21306818181818182 0.804443359375 0.03598484848484845 0.05224609375
3 0.6534090909090908 0.805908203125 0.03661616161616161 0.05029296875
2 0.7629419191919192 0.8056640625 0.029671717171717037 0.05078125
4 0.26325757575757575 0.806884765625 0.031565656565656575 0.05029296875
4 0.5640782828282829 0.808349609375 0.034722222222222286 0.05126953125
1 0.8513257575757576 0.81005859375 0.029671717171717037 0.05078125
14 0.4097222222222222 0.885498046875 0.0353535353535353 0.05419921875
14 0.3589015151515152 0.886474609375 0.02840909090909087 0.05126953125
14 0.46464646464646464 0.888916015625 0.025252525252525235 0.04638671875
9 0.10732323232323232 0.88916015625 0.03282828282828282 0.060546875
15 0.13352272727272727 0.183349609375 0.03472222222222222 0.07568359375
2 0.40025252525252525 0.187255859375 0.031565656565656505 0.05322265625
2 0.48453282828282823 0.187255859375 0.029671717171717182 0.05126953125
2 0.7102272727272727 0.188232421875 0.027777777777777714 0.05322265625
1 0.5877525252525252 0.188720703125 0.025252525252525235 0.05126953125
0 0.7739898989898989 0.188720703125 0.03156565656565665 0.05615234375
1 0.6701388888888888 0.189208984375 0.03093434343434335 0.06103515625
1 0.32039141414141414 0.190185546875 0.030934343434343422 0.05419921875
0 0.6272095959595959 0.190185546875 0.030934343434343495 0.05712890625
0 0.2168560606060606 0.192626953125 0.029671717171717182 0.05615234375
9 0.13983585858585856 0.2626953125 0.03472222222222222 0.046875
14 0.8598484848484849 0.26611328125 0.03661616161616161 0.0458984375