14 0.7868852459016393 0.329833984375 0.023959646910466564 0.05126953125
9 0.13051702395964693 0.33056640625 0.04413619167717528 0.05859375
12 0.8228247162673392 0.3330078125 0.025220680958385977 0.060546875
12 0.858764186633039 0.335205078125 0.023959646910466564 0.05224609375
15 0.13335435056746534 0.427490234375 0.04224464060529634 0.07568359375
3 0.8543505674653215 0.431640625 0.027742749054224518 0.05078125
2 0.8133669609079445 0.434814453125 0.0264817150063051 0.05126953125
1 0.6084489281210592 0.435791015625 0.029003783102143788 0.05517578125
1 0.7736443883984868 0.436767578125 0.025220680958385977 0.05126953125
1 0.6456494325346784 0.4375 0.02522068095838583 0.05078125
1 0.6847414880201765 0.438720703125 0.022698612862547148 0.05419921875
1 0.7238335435056746 0.438720703125 0.022698612862547148 0.05322265625
14 0.40636822194199246 0.503173828125 0.02963430012610335 0.05419921875
12 0.5066204287515763 0.506591796875 0.030895334174022765 0.04931640625
14 0.44703656998738966 0.508544921875 0.0264817150063051 0.05322265625
13 0.1737074401008827 0.50830078125 0.033417402269861306 0.046875
10 0.3329129886506936 0.50830078125 0.02522068095838587 0.0458984375
9 0.1314627994955864 0.509033203125 0.04224464060529634 0.05712890625
11 0.2528373266078184 0.511474609375 0.022698612862547294 0.05712890625
12 0.36759142496847413 0.511474609375 0.022698612862547294 0.04931640625
11 0.2150063051702396 0.512939453125 0.027742749054224445 0.05615234375
15 0.1330390920554855 0.6064453125 0.050441361916771774 0.0771484375
4 0.6875788146279949 0.607421875 0.03089533417402262 0.05078125
2 0.8121059268600251 0.612060546875 0.027742749054224518 0.05224609375
2 0.7490542244640606 0.6123046875 0.029003783102143642 0.046875
9 0.1314627994955864 0.680908203125 0.03846153846153846 0.04345703125
13 0.5009457755359394 0.682861328125 0.030895334174022765 0.05224609375
14 0.5646279949558638 0.682861328125 0.03467843631778057 0.05224609375
12 0.44136191677175285 0.684326171875 0.0264817150063051 0.05517578125
12 0.17150063051702397 0.686279296875 0.031525851197982326 0.05322265625
12 0.23896595208070617 0.687255859375 0.031525851197982326 0.05712890625
12 0.2953972257250946 0.690185546875 0.030895334174022692 0.05712890625
12 0.35813366960907944 0.691162109375 0.031525851197982326 0.05908203125
3 0.17749054224464061 0.78125 0.033417402269861306 0.0458984375
4 0.5898486759142497 0.782470703125 0.030895334174022765 0.04931640625
15 0.13114754098360654 0.783447265625 0.050441361916771774 0.07861328125
4 0.6554224464060531 0.78515625 0.030895334174022692 0.05078125
1 0.2433795712484237 0.785400390625 0.023959646910466564 0.05126953125
1 0.3171500630517024 0.786376953125 0.031525851197982326 0.05126953125
2 0.5167087011349306 0.786865234375 0.030895334174022765 0.04833984375
0 0.44829760403530894 0.790771484375 0.031525851197982326 0.05615234375
0 0.740857503152585 0.791259765625 0.0327868852459016 0.06103515625
9 0.13335435056746534 0.857666015625 0.04224464060529634 0.04833984375
15 0.13051702395964693 0.251953125 0.04413619167717528 0.0771484375
4 0.1989281210592686 0.255126953125 0.02963430012610342 0.04931640625
4 0.6437578814627996 0.257080078125 0.023959646910466564 0.05908203125
4 0.7156368221941992 0.257080078125 0.0264817150063051 0.05517578125
4 0.6790668348045397 0.258056640625 0.0264817150063051 0.05322265625
3 0.3426860025220681 0.2587890625 0.02963430012610335 0.046875
1 0.37925598991172765 0.259033203125 0.02963430012610335 0.05322265625
2 0.5586380832282472 0.259521484375 0.029003783102143788 0.05029296875
1 0.519546027742749 0.259521484375 0.023959646910466564 0.05419921875
2 0.23329129886506936 0.260009765625 0.022698612862547294 0.04541015625
2 0.2689155107187894 0.260986328125 0.030895334174022692 0.05322265625
0 0.4848675914249685 0.263427734375 0.0264817150063051 0.05419921875
1 0.41235813366960905 0.264404296875 0.02522068095838583 0.04833984375