10 0.18150252525252522 0.312744140625 0.024621212121212148 0.03759765625
14 0.4624368686868687 0.313720703125 0.02462121212121208 0.04541015625
11 0.36710858585858586 0.3173828125 0.033459595959595974 0.048828125
12 0.2746212121212121 0.320068359375 0.022727272727272752 0.04443359375
15 0.12878787878787878 0.41259765625 0.031565656565656575 0.06640625
4 0.7541035353535352 0.413330078125 0.02462121212121208 0.04443359375
4 0.5634469696969696 0.41357421875 0.02462121212121208 0.046875
3 0.45328282828282823 0.415283203125 0.023989898989898922 0.04541015625
4 0.6571969696969696 0.416748046875 0.026515151515151474 0.04345703125
2 0.3579545454545454 0.41650390625 0.027777777777777714 0.0458984375
1 0.257260101010101 0.420166015625 0.037247474747474765 0.05224609375
0 0.165719696969697 0.422119140625 0.02462121212121213 0.05322265625
15 0.1259469696969697 0.5986328125 0.039772727272727286 0.06640625
4 0.6821338383838383 0.6015625 0.023358585858585766 0.046875
4 0.7888257575757576 0.60302734375 0.02462121212121208 0.0458984375
3 0.8532196969696969 0.603759765625 0.023358585858585766 0.05126953125
1 0.4943181818181818 0.607421875 0.023989898989898922 0.0439453125
1 0.5628156565656566 0.610595703125 0.029671717171717182 0.05126953125
0 0.4337121212121212 0.61181640625 0.023989898989898922 0.048828125
10 0.1647727272727273 0.688720703125 0.02146464646464646 0.04443359375
14 0.35227272727272724 0.689697265625 0.03282828282828282 0.03955078125
11 0.2904040404040404 0.69140625 0.022727272727272752 0.046875
13 0.2275883838383838 0.6923828125 0.022095959595959596 0.0390625
15 0.12973484848484848 0.78857421875 0.03598484848484849 0.060546875
4 0.16666666666666663 0.789306640625 0.027777777777777787 0.04345703125
1 0.34848484848484845 0.791748046875 0.04166666666666671 0.05126953125
2 0.288510101010101 0.794189453125 0.026515151515151547 0.03955078125
3 0.22821969696969693 0.794921875 0.024621212121212148 0.0458984375
0 0.432449494949495 0.796875 0.031565656565656505 0.0546875
10 0.6755050505050505 0.875244140625 0.022727272727272752 0.03759765625
13 0.5328282828282829 0.876708984375 0.026515151515151547 0.04052734375
14 0.5953282828282829 0.87744140625 0.026515151515151547 0.048828125
15 0.12720959595959597 0.225830078125 0.03345959595959594 0.06201171875
2 0.6660353535353536 0.2294921875 0.027777777777777714 0.046875
1 0.7563131313131313 0.231201171875 0.03282828282828296 0.05224609375
0 0.5729166666666666 0.23583984375 0.029671717171717182 0.04296875