2 0.503 0.0515 0.038 0.08
1 0.308 0.0535 0.048 0.09
1 0.386 0.0535 0.041 0.09
2 0.84525 0.05475 0.0295 0.0895
0 0.22975 0.05475 0.0445 0.0895
15 0.07975 0.5675 0.0445 0.115
2 0.3345 0.5705 0.036 0.081
2 0.8365 0.573 0.037 0.081
2 0.24575 0.57425 0.0285 0.0935
0 0.49825 0.57425 0.0435 0.0985
2 0.917 0.5745 0.028 0.081
2 0.15475 0.5775 0.0445 0.075
0 0.657 0.05825 0.036 0.0965
0 0.65575 0.5815 0.0405 0.08
2 0.9875 0.58175 0.024 0.0805
0 0.154 0.0585 0.033 0.1
9 0.08375 0.705 0.0395 0.093
15 0.08525 0.83225 0.0495 0.1145
0 0.69075 0.83925 0.0455 0.0935
0 0.913 0.8455 0.038 0.085
9 0.08475 0.95075 0.0315 0.0715
14 0.284 0.95175 0.032 0.0735
8 0.16275 0.95275 0.0345 0.0825
7 0.40175 0.956 0.0325 0.087
8 0.515 0.9575 0.052 0.08
9 0.082 0.179 0.053 0.088
15 0.0805 0.30975 0.043 0.1165
3 0.44475 0.3125 0.0345 0.085
3 0.30725 0.315 0.0395 0.093
3 0.17025 0.3165 0.0395 0.083
1 0.6935 0.324 0.036 0.088
1 0.92525 0.32425 0.0325 0.0915
9 0.08125 0.4355 0.0415 0.078
15 0.083 0.04975 0.038 0.0995