8 0.31746532156368223 0.312744140625 0.030895334174022692 0.06103515625
9 0.10718789407313997 0.313720703125 0.03656998738965952 0.05712890625
14 0.25662042875157626 0.316162109375 0.027742749054224445 0.05419921875
14 0.17150063051702397 0.31640625 0.026481715006305175 0.046875
1 0.7313997477931904 0.422607421875 0.025220680958385977 0.05517578125
1 0.3984867591424968 0.425048828125 0.0264817150063051 0.05419921875
2 0.3083228247162674 0.426025390625 0.03152585119798236 0.05029296875
1 0.23203026481715006 0.426025390625 0.025220680958385904 0.05810546875
1 0.5649432534678436 0.426513671875 0.02522068095838583 0.05712890625
0 0.15479192938209332 0.427490234375 0.03467843631778057 0.05615234375
15 0.11380832282471626 0.427734375 0.030895334174022692 0.0771484375
9 0.11128625472887768 0.49462890625 0.028373266078184117 0.052734375
14 0.860655737704918 0.502197265625 0.0264817150063051 0.04833984375
1 0.4006935687263556 0.611572265625 0.033417402269861306 0.05712890625
1 0.30958385876418665 0.614013671875 0.031525851197982326 0.05615234375
15 0.11475409836065573 0.615966796875 0.03656998738965952 0.06494140625
7 0.5630517023959647 0.683837890625 0.021437578814628024 0.05419921875
9 0.11380832282471626 0.68408203125 0.04224464060529634 0.0556640625
8 0.2310844892812106 0.684814453125 0.04098360655737707 0.05029296875
14 0.15573770491803277 0.685546875 0.018915510718789393 0.0419921875
8 0.8581336696090794 0.686279296875 0.025220680958385977 0.05322265625
7 0.7358133669609079 0.687255859375 0.027742749054224518 0.05322265625
15 0.11002522068095838 0.793701171875 0.03467843631778057 0.07861328125
0 0.1541614123581337 0.799560546875 0.03846153846153847 0.05126953125
9 0.11191677175283732 0.87158203125 0.03467843631778057 0.0556640625
8 0.2323455233291299 0.872314453125 0.02963430012610342 0.05322265625
14 0.7622950819672131 0.874267578125 0.023959646910466564 0.04541015625
14 0.41235813366960905 0.87548828125 0.02522068095838583 0.0439453125
14 0.5901639344262295 0.8759765625 0.0264817150063051 0.046875
7 0.31399747793190413 0.878662109375 0.02774274905422448 0.05810546875
15 0.10907944514501891 0.230224609375 0.03656998738965952 0.07568359375
4 0.4646910466582598 0.234619140625 0.031525851197982326 0.05126953125
2 0.6144388398486759 0.238525390625 0.030895334174022765 0.05810546875
2 0.7619798234552333 0.238525390625 0.03089533417402262 0.05419921875
1 0.38619167717528374 0.239501953125 0.030895334174022765 0.05419921875
2 0.8675914249684742 0.239501953125 0.03656998738965955 0.05322265625