9 0.08011049723756906 0.323486328125 0.027624309392265203 0.03857421875
14 0.1225828729281768 0.328125 0.02417127071823205 0.03515625
14 0.25379834254143646 0.329345703125 0.020027624309392283 0.03564453125
13 0.5366022099447514 0.329833984375 0.020718232044198932 0.04150390625
12 0.6864640883977899 0.329833984375 0.02762430939226524 0.04248046875
12 0.8183701657458564 0.330810546875 0.024861878453038656 0.04345703125
13 0.406767955801105 0.3310546875 0.020718232044198932 0.0380859375
15 0.07941988950276242 0.40869140625 0.037292817679558 0.0556640625
7 0.12085635359116022 0.4658203125 0.029005524861878455 0.0390625
10 0.33701657458563533 0.466064453125 0.02348066298342544 0.04248046875
8 0.27451657458563533 0.46630859375 0.020027624309392283 0.0390625
9 0.07941988950276242 0.467041015625 0.02624309392265193 0.03271484375
13 0.41091160220994477 0.467529296875 0.02348066298342536 0.03857421875
13 0.5355662983425414 0.470458984375 0.024171270718232087 0.03759765625
14 0.8238950276243094 0.470703125 0.022099447513812067 0.0341796875
14 0.6971685082872929 0.4716796875 0.026933701657458595 0.0341796875
15 0.07527624309392265 0.5478515625 0.03729281767955802 0.048828125
10 0.35220994475138123 0.604736328125 0.020718232044198932 0.03955078125
8 0.2838397790055249 0.605712890625 0.019337016574585638 0.03466796875
7 0.12327348066298342 0.606201171875 0.02831491712707181 0.03759765625
11 0.568024861878453 0.60693359375 0.02555248618784538 0.0400390625
7 0.7054558011049723 0.60693359375 0.024171270718232007 0.0390625
11 0.43128453038674036 0.607421875 0.024171270718232087 0.0380859375
9 0.07665745856353591 0.607421875 0.02071823204419889 0.046875
14 0.8408149171270718 0.607421875 0.022790055248618792 0.0390625
15 0.07734806629834254 0.68701171875 0.0303867403314917 0.0517578125
10 0.2845303867403315 0.741455078125 0.02348066298342544 0.03955078125
8 0.3411602209944751 0.743408203125 0.024861878453038656 0.03857421875
10 0.12154696132596685 0.744873046875 0.022099447513812147 0.04150390625
9 0.08149171270718232 0.744873046875 0.03038674033149171 0.03759765625
7 0.406767955801105 0.7451171875 0.024861878453038656 0.0361328125
7 0.568024861878453 0.745361328125 0.020027624309392207 0.03759765625
13 0.8283839779005525 0.747802734375 0.022790055248618792 0.03759765625
14 0.6229281767955801 0.74853515625 0.03314917127071826 0.041015625
13 0.7030386740331491 0.7490234375 0.019337016574585558 0.041015625
15 0.08011049723756906 0.8271484375 0.024861878453038666 0.060546875
9 0.08080110497237569 0.884521484375 0.029005524861878455 0.03564453125
13 0.4575276243093923 0.88525390625 0.022790055248618792 0.0390625
13 0.3926104972375691 0.885498046875 0.024171270718232087 0.04150390625
14 0.2665745856353591 0.885986328125 0.02348066298342544 0.03466796875
13 0.8097375690607734 0.88623046875 0.03245856353591169 0.0361328125
13 0.5362569060773481 0.88623046875 0.01864640883977907 0.0380859375
14 0.12223756906077347 0.886962890625 0.027624309392265203 0.03759765625
13 0.6643646408839778 0.887939453125 0.024861878453038656 0.03857421875
15 0.07803867403314917 0.13134765625 0.034530386740331494 0.05078125
0 0.8877762430939227 0.135498046875 0.03245856353591169 0.03662109375
9 0.07665745856353591 0.185302734375 0.02624309392265194 0.03564453125
8 0.3397790055248619 0.185791015625 0.029005524861878417 0.04248046875
10 0.13812154696132595 0.186279296875 0.022099447513812147 0.03955078125
10 0.2803867403314917 0.188232421875 0.024861878453038656 0.04150390625
7 0.417817679558011 0.188720703125 0.02624309392265195 0.04052734375
13 0.8287292817679558 0.189697265625 0.022099447513812067 0.03564453125
7 0.5538674033149171 0.189697265625 0.019337016574585638 0.03564453125
14 0.6136049723756906 0.1904296875 0.02831491712707181 0.0390625
13 0.6906077348066298 0.192138671875 0.019337016574585638 0.03662109375
6 0.3349447513812155 0.267578125 0.020718232044198932 0.048828125
4 0.3632596685082872 0.267822265625 0.019337016574585638 0.04541015625
0 0.305939226519337 0.2685546875 0.019337016574585638 0.044921875
15 0.0856353591160221 0.27197265625 0.038674033149171276 0.0498046875