15 0.1240530303030303 0.32177734375 0.04608585858585859 0.0947265625
9 0.12058080808080807 0.412109375 0.04797979797979799 0.06640625
10 0.517361111111111 0.412109375 0.03851010101010108 0.0654296875
10 0.45738636363636365 0.4130859375 0.033459595959595974 0.0693359375
7 0.2635732323232323 0.41552734375 0.03472222222222222 0.0673828125
10 0.5811237373737373 0.416015625 0.03598484848484845 0.06640625
7 0.324810606060606 0.41748046875 0.03472222222222225 0.0712890625
12 0.7035984848484849 0.418701171875 0.029671717171717037 0.06982421875
12 0.8298611111111112 0.4189453125 0.03093434343434335 0.0625
7 0.20422979797979798 0.4189453125 0.033459595959595974 0.064453125
12 0.7642045454545454 0.42041015625 0.03093434343434335 0.0654296875
15 0.12563131313131312 0.543212890625 0.050505050505050504 0.09521484375
7 0.689709595959596 0.6328125 0.0359848484848486 0.064453125
10 0.7531565656565656 0.63330078125 0.03282828282828296 0.068359375
14 0.8759469696969696 0.635009765625 0.033459595959595974 0.05712890625
9 0.1268939393939394 0.634765625 0.04419191919191919 0.0634765625
10 0.48421717171717166 0.635498046875 0.04166666666666671 0.06787109375
14 0.1755050505050505 0.63623046875 0.027777777777777787 0.0634765625
14 0.297979797979798 0.63623046875 0.03030303030303034 0.0556640625
7 0.42518939393939387 0.637451171875 0.039772727272727244 0.06201171875
14 0.2370580808080808 0.63720703125 0.02840909090909087 0.056640625
14 0.6076388888888888 0.6376953125 0.034722222222222286 0.0634765625
12 0.8112373737373737 0.638671875 0.034090909090908984 0.0634765625
12 0.5448232323232323 0.640869140625 0.031565656565656505 0.06787109375
15 0.12563131313131312 0.764404296875 0.050505050505050504 0.09521484375
10 0.26041666666666663 0.853271484375 0.03598484848484845 0.07177734375
12 0.33964646464646464 0.85400390625 0.031565656565656505 0.0546875
12 0.3999368686868687 0.8544921875 0.02462121212121208 0.052734375
9 0.12058080808080807 0.85595703125 0.04419191919191919 0.0634765625
7 0.6672979797979798 0.856689453125 0.04292929292929288 0.07080078125
7 0.5886994949494949 0.857666015625 0.034722222222222286 0.06201171875
14 0.4624368686868687 0.85791015625 0.034722222222222286 0.056640625
7 0.17929292929292928 0.858154296875 0.049242424242424226 0.06103515625
7 0.8383838383838383 0.858642578125 0.0265151515151514 0.06103515625
7 0.7541035353535352 0.859619140625 0.03093434343434335 0.05810546875