7 0.473203026481715 0.337646484375 0.037200504413619113 0.05322265625
9 0.13051702395964693 0.341064453125 0.040353089533417395 0.05712890625
4 0.4057377049180328 0.431640625 0.038461538461538526 0.0654296875
4 0.5816519546027743 0.43212890625 0.03593947036569985 0.060546875
2 0.7090163934426229 0.435546875 0.042244640605296195 0.0654296875
15 0.1358764186633039 0.43701171875 0.04224464060529634 0.07421875
7 0.18064312736443885 0.518798828125 0.03593947036569985 0.05517578125
9 0.13240857503152587 0.52001953125 0.04413619167717528 0.0498046875
15 0.13776796973518285 0.609130859375 0.04224464060529634 0.08447265625
3 0.3385876418663304 0.611083984375 0.031525851197982326 0.05419921875
3 0.180327868852459 0.611572265625 0.027742749054224445 0.05322265625
1 0.6595208070617906 0.615478515625 0.0315258511979824 0.05908203125
1 0.8206179066834804 0.619384765625 0.035939470365699985 0.06298828125
0 0.4546027742749054 0.620849609375 0.031525851197982326 0.05322265625
9 0.13619167717528374 0.691650390625 0.04413619167717528 0.05908203125
15 0.1343001261034048 0.789306640625 0.04413619167717528 0.07861328125
2 0.2947667087011349 0.792724609375 0.04098360655737707 0.05224609375
3 0.1800126103404792 0.79345703125 0.03467843631778057 0.064453125
1 0.35466582597730134 0.79345703125 0.037200504413619113 0.060546875
0 0.640920554854981 0.794189453125 0.038461538461538526 0.06103515625
0 0.46185372005044134 0.7958984375 0.03593947036569985 0.0634765625
1 0.5778688524590164 0.799560546875 0.0397225725094578 0.05322265625
9 0.1314627994955864 0.874267578125 0.03846153846153846 0.05419921875
7 0.7433795712484237 0.874755859375 0.0327868852459016 0.05029296875
15 0.12957124842370743 0.25341796875 0.04602774274905422 0.0830078125
1 0.31494325346784363 0.258544921875 0.03467843631778057 0.05419921875
0 0.8341740226986128 0.259521484375 0.03656998738965955 0.06201171875
1 0.7758511979823456 0.260498046875 0.03467843631778057 0.06591796875
0 0.37105926860025223 0.261474609375 0.0397225725094578 0.05810546875
0 0.6598360655737705 0.261962890625 0.039722572509457724 0.06298828125
0 0.19766708701134927 0.262451171875 0.03467843631778057 0.05029296875