9 0.10939470365699874 0.3076171875 0.03341740226986127 0.0517578125
7 0.1724464060529634 0.309326171875 0.0283732660781841 0.04833984375
15 0.10907944514501891 0.423095703125 0.041614123581336704 0.07080078125
1 0.5687263556116016 0.427490234375 0.027742749054224518 0.05029296875
2 0.35498108448928123 0.427734375 0.0264817150063051 0.052734375
2 0.4536569987389659 0.429931640625 0.020807061790668317 0.05029296875
7 0.25094577553593944 0.494140625 0.027742749054224445 0.0517578125
7 0.1532156368221942 0.494873046875 0.026481715006305175 0.05126953125
8 0.7682849936948297 0.4951171875 0.02837326607818408 0.0546875
9 0.11002522068095838 0.497802734375 0.03846153846153846 0.04833984375
15 0.1116015132408575 0.6103515625 0.03783102143757882 0.07421875
2 0.7512610340479192 0.61279296875 0.03089533417402262 0.046875
2 0.33732660781841106 0.61474609375 0.032786885245901634 0.048828125
2 0.6418663303909206 0.616455078125 0.0264817150063051 0.05029296875
1 0.5362547288776797 0.616455078125 0.02837326607818408 0.05419921875
9 0.11412358133669608 0.6845703125 0.040353089533417395 0.052734375
5 0.15699873896595207 0.797607421875 0.026481715006305175 0.05322265625
15 0.11286254728877679 0.80029296875 0.040353089533417395 0.0771484375
2 0.2550441361916772 0.80517578125 0.030895334174022692 0.046875
1 0.3584489281210592 0.805419921875 0.03467843631778057 0.05712890625
10 0.46059268600252207 0.870361328125 0.02963430012610335 0.05908203125
7 0.5766078184110971 0.873779296875 0.02459016393442627 0.04833984375
7 0.7455863808322825 0.873779296875 0.02837326607818408 0.05126953125
9 0.1131778058007566 0.876708984375 0.039722572509457765 0.05322265625
2 0.6488020176544766 0.234619140625 0.0315258511979824 0.05810546875
2 0.7588272383354351 0.234375 0.02837326607818408 0.048828125
15 0.10907944514501891 0.23486328125 0.04413619167717528 0.0771484375
2 0.3524590163934426 0.23681640625 0.031525851197982326 0.0634765625
1 0.5472887767969735 0.241455078125 0.0327868852459016 0.05322265625