10 0.50475 0.5365 0.0345 0.113
10 0.166 0.5405 0.031 0.108
8 0.368 0.5415 0.038 0.103
7 0.42875 0.543 0.0295 0.083
10 0.242 0.54325 0.033 0.0995
10 0.2895 0.545 0.028 0.103
4 0.168 0.7165 0.028 0.08
3 0.45175 0.71725 0.0425 0.0775
4 0.302 0.7175 0.046 0.085
2 0.58375 0.7185 0.0495 0.1
3 0.741 0.7185 0.041 0.08
3 0.94525 0.71925 0.0425 0.0815
3 0.41775 0.10425 0.0345 0.0815
2 0.49275 0.105 0.0345 0.083
3 0.5505 0.106 0.036 0.085
1 0.2415 0.106 0.048 0.105
2 0.3615 0.108 0.038 0.093
1 0.62025 0.1085 0.0495 0.09
1 0.287 0.109 0.033 0.088
1 0.78125 0.111 0.0445 0.085
1 0.16625 0.11575 0.0345 0.0915
10 0.946 0.22875 0.041 0.0945
7 0.88425 0.236 0.0375 0.085
10 0.68775 0.2375 0.0445 0.098
10 0.81375 0.2375 0.0425 0.108
5 0.768 0.404 0.041 0.088
4 0.88925 0.406 0.0475 0.085
4 0.633 0.4065 0.041 0.09
5 0.81375 0.4075 0.0375 0.092
3 0.952 0.41 0.036 0.083
5 0.69025 0.41075 0.0425 0.0815
3 0.554 0.416 0.033 0.085