15 0.1212121212121212 0.397705078125 0.05808080808080809 0.08740234375
2 0.5268308080808081 0.40380859375 0.04608585858585852 0.068359375
1 0.4119318181818182 0.40380859375 0.04103535353535356 0.0703125
1 0.1789772727272727 0.404296875 0.035984848484848474 0.0654296875
0 0.6669823232323232 0.40625 0.04482323232323228 0.0634765625
0 0.29640151515151514 0.40966796875 0.039772727272727244 0.068359375
9 0.1268939393939394 0.481689453125 0.049242424242424226 0.05810546875
15 0.12910353535353536 0.591552734375 0.044823232323232313 0.08740234375
4 0.8285984848484849 0.594970703125 0.04229797979797987 0.06201171875
2 0.18087121212121213 0.595947265625 0.04103535353535354 0.06201171875
4 0.611111111111111 0.596435546875 0.03282828282828282 0.06103515625
2 0.3614267676767676 0.60009765625 0.047348484848484834 0.0673828125
2 0.47632575757575757 0.601806640625 0.034722222222222286 0.06201171875
9 0.1275252525252525 0.67822265625 0.05555555555555557 0.0673828125
15 0.12815656565656566 0.7880859375 0.04924242424242426 0.099609375
3 0.17960858585858583 0.788818359375 0.037247474747474765 0.06201171875
3 0.4131944444444444 0.791259765625 0.04103535353535356 0.06103515625
4 0.5350378787878788 0.791748046875 0.04229797979797987 0.05419921875
2 0.29450757575757575 0.792724609375 0.039772727272727244 0.06201171875
2 0.6669823232323232 0.794189453125 0.04229797979797987 0.06103515625
9 0.1275252525252525 0.877685546875 0.05303030303030302 0.05810546875
15 0.12310606060606061 0.19482421875 0.05808080808080809 0.1005859375
2 0.6568813131313131 0.2041015625 0.039772727272727244 0.0673828125
1 0.555871212121212 0.2080078125 0.04482323232323235 0.0712890625
2 0.7888257575757576 0.209716796875 0.0359848484848486 0.06103515625
2 0.8611111111111112 0.2099609375 0.03661616161616161 0.0703125
0 0.47632575757575757 0.213134765625 0.04229797979797987 0.07666015625
0 0.32544191919191917 0.21484375 0.043560606060606036 0.0703125
0 0.4005681818181818 0.21484375 0.04229797979797972 0.072265625
9 0.1240530303030303 0.286376953125 0.047348484848484834 0.06103515625
14 0.2414772727272727 0.290283203125 0.039772727272727244 0.06298828125