15 0.0975378787878788 0.329833984375 0.02588383838383839 0.06396484375
4 0.4640151515151515 0.331787109375 0.026515151515151547 0.04541015625
4 0.4024621212121212 0.33203125 0.02462121212121208 0.04296875
1 0.1884469696969697 0.33203125 0.022095959595959596 0.04296875
2 0.6742424242424242 0.332763671875 0.01893939393939382 0.04345703125
3 0.6006944444444444 0.332763671875 0.02462121212121208 0.04541015625
2 0.24021464646464644 0.332763671875 0.020833333333333356 0.04736328125
3 0.5394570707070707 0.3330078125 0.02462121212121208 0.0478515625
2 0.7373737373737373 0.33349609375 0.022727272727272752 0.0458984375
1 0.8115530303030304 0.3349609375 0.019570707070707117 0.04296875
0 0.2799873737373737 0.3349609375 0.024621212121212148 0.04296875
1 0.12910353535353536 0.33642578125 0.022095959595959596 0.04296875
12 0.40372474747474746 0.39453125 0.02462121212121208 0.060546875
10 0.678030303030303 0.3974609375 0.027777777777777714 0.046875
10 0.28251262626262624 0.398193359375 0.022095959595959596 0.04150390625
8 0.8137626262626262 0.398681640625 0.01893939393939382 0.04052734375
14 0.7361111111111112 0.39990234375 0.02146464646464644 0.0419921875
14 0.5988005050505051 0.39990234375 0.02335858585858591 0.04296875
14 0.8721590909090908 0.400146484375 0.023358585858585766 0.03955078125
14 0.4649621212121212 0.401123046875 0.022095959595959596 0.04150390625
14 0.18876262626262624 0.402587890625 0.01641414141414141 0.03662109375
9 0.09943181818181818 0.403076171875 0.029671717171717182 0.04052734375
4 0.13099747474747475 0.51806640625 0.022095959595959596 0.046875
3 0.5025252525252525 0.51904296875 0.02020202020202013 0.0419921875
15 0.09943181818181818 0.519287109375 0.028409090909090905 0.05712890625
4 0.875 0.51953125 0.02146464646464644 0.0458984375
4 0.1856060606060606 0.51953125 0.023989898989898995 0.0458984375
3 0.2528409090909091 0.520751953125 0.020833333333333356 0.04736328125
2 0.38257575757575757 0.521240234375 0.01893939393939396 0.04541015625
4 0.8121843434343433 0.52099609375 0.02083333333333343 0.046875
2 0.5464015151515151 0.521484375 0.020833333333333287 0.0380859375
3 0.31186868686868685 0.521728515625 0.022727272727272752 0.04150390625
2 0.4466540404040404 0.521728515625 0.02840909090909087 0.04345703125
0 0.7392676767676768 0.52197265625 0.01893939393939382 0.03515625
0 0.6751893939393939 0.525146484375 0.019570707070707117 0.04345703125
8 0.6092171717171717 0.580322265625 0.026515151515151547 0.05908203125
12 0.13005050505050506 0.584228515625 0.018939393939393926 0.05712890625
10 0.38289141414141414 0.5849609375 0.020833333333333287 0.048828125
10 0.8753156565656565 0.585205078125 0.029671717171717037 0.04736328125
10 0.6799242424242424 0.585693359375 0.027777777777777714 0.04345703125
10 0.7389520202020201 0.587158203125 0.03093434343434335 0.04541015625
14 0.3109217171717171 0.588623046875 0.020833333333333356 0.04052734375
9 0.10037878787878787 0.5888671875 0.027777777777777787 0.04296875
14 0.1840277777777778 0.591064453125 0.020833333333333356 0.04541015625
5 0.19065656565656564 0.7041015625 0.026515151515151547 0.048828125
5 0.13005050505050506 0.705810546875 0.02651515151515151 0.05029296875
4 0.2635732323232323 0.706298828125 0.024621212121212148 0.04736328125
3 0.46117424242424243 0.70703125 0.029671717171717182 0.048828125
2 0.7821969696969696 0.708740234375 0.022727272727272752 0.04150390625
15 0.1029040404040404 0.708984375 0.03282828282828282 0.060546875
1 0.6676136363636364 0.708984375 0.01578282828282818 0.0419921875
3 0.40404040404040403 0.7099609375 0.02020202020202013 0.0458984375
2 0.5369318181818182 0.710693359375 0.020833333333333287 0.04541015625
2 0.5946969696969696 0.71044921875 0.02146464646464644 0.0517578125
1 0.7326388888888888 0.7109375 0.02462121212121208 0.046875
0 0.8241792929292929 0.712646484375 0.02083333333333343 0.04150390625
10 0.5369318181818182 0.772705078125 0.027146464646464703 0.04443359375
10 0.3267045454545454 0.7724609375 0.02588383838383839 0.046875
10 0.8260732323232324 0.773681640625 0.023358585858585766 0.04541015625
10 0.19223484848484848 0.773681640625 0.028409090909090943 0.04736328125
9 0.10101010101010101 0.777099609375 0.03282828282828282 0.05126953125
5 0.413510101010101 0.141845703125 0.023989898989898922 0.04833984375
4 0.33964646464646464 0.141845703125 0.022727272727272752 0.04443359375
4 0.2774621212121212 0.14208984375 0.020833333333333356 0.048828125
5 0.4766414141414141 0.14208984375 0.026515151515151547 0.0498046875
4 0.5514520202020202 0.142578125 0.020833333333333287 0.0458984375
15 0.09880050505050506 0.144287109375 0.03598484848484849 0.06103515625
2 0.8768939393939393 0.146240234375 0.02146464646464644 0.04345703125
2 0.8184974747474748 0.14599609375 0.023358585858585766 0.0419921875
3 0.7443181818181818 0.146728515625 0.02146464646464644 0.04541015625
3 0.6890782828282829 0.14697265625 0.023358585858585766 0.0458984375
0 0.20549242424242423 0.14794921875 0.02588383838383839 0.04296875
0 0.15309343434343434 0.150146484375 0.020833333333333322 0.03955078125
12 0.2793560606060606 0.20556640625 0.020833333333333356 0.0546875
13 0.41571969696969696 0.2060546875 0.02588383838383839 0.0634765625
12 0.5527146464646464 0.20751953125 0.02588383838383839 0.0517578125
10 0.6126893939393939 0.208251953125 0.02335858585858591 0.04833984375
11 0.6875 0.208740234375 0.02146464646464644 0.05322265625
10 0.817550505050505 0.208740234375 0.022727272727272752 0.05029296875
10 0.4794823232323232 0.208984375 0.029671717171717182 0.048828125
8 0.7468434343434344 0.208984375 0.027777777777777714 0.0390625
10 0.34122474747474746 0.210693359375 0.029671717171717182 0.05126953125
7 0.8765782828282829 0.210693359375 0.02083333333333343 0.04052734375
10 0.20738636363636362 0.21044921875 0.029671717171717182 0.0498046875
10 0.1534090909090909 0.211669921875 0.022727272727272735 0.04541015625
9 0.1019570707070707 0.21435546875 0.033459595959595974 0.04296875