4 0.1435 0.532 0.041 0.071
15 0.0715 0.535 0.037 0.1
4 0.81875 0.53575 0.0345 0.0835
1 0.68625 0.54075 0.0345 0.0785
0 0.4975 0.544 0.037 0.075
10 0.49975 0.66425 0.0335 0.0785
14 0.68775 0.667 0.0345 0.071
10 0.8205 0.66825 0.033 0.0735
12 0.91825 0.66825 0.0355 0.0785
9 0.0725 0.66875 0.037 0.0775
12 0.588 0.669 0.033 0.075
13 0.24125 0.67 0.0345 0.07
14 0.33975 0.67125 0.0385 0.0725
12 0.1435 0.6735 0.035 0.067
15 0.071 0.782 0.036 0.096
4 0.35125 0.7845 0.0395 0.081
3 0.25625 0.785 0.0345 0.075
3 0.1445 0.78775 0.041 0.0725
2 0.4825 0.789 0.027 0.075
0 0.82425 0.795 0.0505 0.085
9 0.07025 0.91325 0.0425 0.0785
14 0.67925 0.914 0.0455 0.09
10 0.48375 0.914 0.0295 0.08
10 0.82625 0.9155 0.0345 0.076
14 0.34725 0.9175 0.0385 0.075
13 0.25125 0.91775 0.0445 0.0725
12 0.5775 0.91825 0.032 0.0765
11 0.14075 0.92075 0.0435 0.0785
12 0.9275 0.92625 0.037 0.0775
15 0.09225 0.282 0.0335 0.101
3 0.92875 0.28775 0.0345 0.0675
2 0.7025 0.289 0.042 0.085
4 0.509 0.292 0.032 0.076
2 0.3825 0.293 0.032 0.076
3 0.8365 0.29525 0.032 0.0875
0 0.18825 0.2955 0.0385 0.076
9 0.08625 0.4075 0.0395 0.075
10 0.18975 0.414 0.0285 0.075
10 0.51575 0.415 0.0335 0.08
14 0.69825 0.41575 0.0405 0.0735
14 0.379 0.42125 0.037 0.0675
12 0.60325 0.422 0.0355 0.071
12 0.2815 0.42375 0.032 0.0625
13 0.9305 0.42425 0.033 0.0735
11 0.83125 0.426 0.0345 0.077