4 0.7054924242424242 0.319091796875 0.029671717171717037 0.04736328125
4 0.17613636363636362 0.321044921875 0.026515151515151547 0.04541015625
15 0.12089646464646464 0.324462890625 0.03345959595959594 0.06103515625
2 0.6022727272727273 0.32568359375 0.027777777777777714 0.0458984375
2 0.8652146464646464 0.3271484375 0.023358585858585766 0.0458984375
0 0.45296717171717166 0.329833984375 0.03851010101010093 0.04736328125
10 0.7058080808080808 0.401123046875 0.0265151515151514 0.04736328125
10 0.4535984848484848 0.403564453125 0.030934343434343495 0.04736328125
9 0.1202651515151515 0.4033203125 0.03472222222222222 0.0380859375
14 0.8645833333333333 0.405517578125 0.019570707070707117 0.04052734375
14 0.33333333333333326 0.4052734375 0.020202020202020166 0.0390625
14 0.603219696969697 0.406005859375 0.020833333333333287 0.04345703125
12 0.524621212121212 0.40673828125 0.026515151515151547 0.0498046875
12 0.1717171717171717 0.40673828125 0.027777777777777787 0.0498046875
13 0.2547348484848485 0.4072265625 0.029671717171717182 0.0458984375
12 0.7840909090909092 0.407470703125 0.022727272727272752 0.04833984375
15 0.11963383838383837 0.470947265625 0.03724747474747473 0.06298828125
4 0.33617424242424243 0.47265625 0.030934343434343457 0.0458984375
3 0.17329545454545453 0.474365234375 0.03472222222222222 0.04345703125
3 0.262310606060606 0.47412109375 0.029671717171717182 0.04296875
2 0.865530303030303 0.474853515625 0.0265151515151514 0.04052734375
2 0.44160353535353536 0.4775390625 0.033459595959595974 0.048828125
0 0.7118055555555556 0.47998046875 0.034722222222222286 0.0458984375
10 0.43970959595959597 0.5517578125 0.029671717171717182 0.04296875
9 0.11931818181818181 0.552978515625 0.034090909090909095 0.04345703125
10 0.7149621212121212 0.553955078125 0.02083333333333343 0.04541015625
14 0.5978535353535352 0.55419921875 0.02146464646464644 0.0458984375
14 0.8652146464646464 0.5546875 0.02462121212121208 0.0458984375
12 0.787878787878788 0.555419921875 0.0265151515151514 0.05322265625
13 0.2626262626262626 0.5556640625 0.022727272727272752 0.048828125
14 0.3371212121212121 0.555908203125 0.022727272727272752 0.04541015625
12 0.5208333333333333 0.55712890625 0.026515151515151547 0.0419921875
11 0.17518939393939392 0.559326171875 0.02588383838383839 0.04833984375
3 0.43970959595959597 0.624267578125 0.030934343434343495 0.04541015625
2 0.33428030303030304 0.62451171875 0.02840909090909087 0.048828125
4 0.7162247474747475 0.624755859375 0.03093434343434335 0.04736328125
3 0.5183080808080808 0.625244140625 0.03282828282828282 0.04833984375
4 0.17834595959595959 0.62548828125 0.029671717171717182 0.046875
1 0.5965909090909091 0.6279296875 0.027777777777777714 0.0498046875
15 0.11647727272727272 0.62841796875 0.02335858585858584 0.05078125
10 0.17582070707070707 0.70263671875 0.028409090909090925 0.048828125
14 0.5978535353535352 0.703857421875 0.025252525252525235 0.04345703125
14 0.86489898989899 0.70361328125 0.025252525252525377 0.0390625
9 0.12089646464646464 0.7041015625 0.03472222222222222 0.0458984375
13 0.5192550505050505 0.704833984375 0.030934343434343495 0.04443359375
14 0.3327020202020202 0.70556640625 0.026515151515151547 0.04296875
13 0.7910353535353536 0.706298828125 0.022727272727272752 0.04150390625
12 0.7124368686868687 0.707763671875 0.023358585858585766 0.04541015625
11 0.4393939393939394 0.7080078125 0.026515151515151547 0.0498046875
12 0.25126262626262624 0.708251953125 0.027777777777777787 0.04833984375
15 0.11553030303030302 0.7724609375 0.03282828282828282 0.056640625
4 0.4453914141414141 0.773681640625 0.030934343434343495 0.04052734375
4 0.8791035353535352 0.7734375 0.028409090909091012 0.0498046875
3 0.8027146464646464 0.7744140625 0.028409090909091012 0.0458984375
3 0.7061237373737373 0.776123046875 0.023358585858585766 0.04345703125
2 0.33175505050505044 0.77685546875 0.03472222222222225 0.0390625
2 0.5994318181818182 0.778076171875 0.02840909090909087 0.04541015625
0 0.1755050505050505 0.780517578125 0.027777777777777787 0.04736328125
9 0.1202651515151515 0.851318359375 0.03472222222222222 0.04833984375
10 0.44507575757575757 0.853271484375 0.022727272727272752 0.04443359375
10 0.17487373737373738 0.853759765625 0.026515151515151526 0.04541015625
14 0.601010101010101 0.854736328125 0.025252525252525235 0.04052734375
13 0.8033459595959596 0.8564453125 0.02462121212121208 0.046875
14 0.3330176767676768 0.856689453125 0.02588383838383839 0.04052734375
14 0.8768939393939393 0.85693359375 0.025252525252525377 0.0458984375
11 0.7051767676767676 0.858154296875 0.022727272727272752 0.04736328125
12 0.2515782828282828 0.858154296875 0.029671717171717182 0.04443359375
12 0.5189393939393939 0.8583984375 0.022727272727272752 0.04296875
15 0.13541666666666666 0.17041015625 0.03724747474747473 0.0703125
4 0.4649621212121212 0.1728515625 0.03219696969696966 0.046875
2 0.3614267676767676 0.17333984375 0.030934343434343495 0.0419921875
3 0.7171717171717171 0.174072265625 0.027777777777777714 0.04833984375
2 0.6120580808080808 0.17431640625 0.030934343434343495 0.046875
1 0.8674242424242424 0.175537109375 0.025252525252525377 0.04541015625
3 0.7919823232323232 0.17578125 0.023358585858585766 0.0458984375
0 0.21212121212121213 0.181396484375 0.026515151515151547 0.04443359375
10 0.21401515151515152 0.250244140625 0.027777777777777787 0.05029296875
9 0.1360479797979798 0.252197265625 0.03472222222222222 0.04541015625
10 0.4671717171717172 0.252685546875 0.022727272727272752 0.04736328125
14 0.8658459595959596 0.253173828125 0.02083333333333343 0.04052734375
14 0.36016414141414144 0.253173828125 0.02462121212121208 0.03955078125
14 0.6120580808080808 0.25390625 0.019570707070707117 0.0390625
12 0.28251262626262624 0.255126953125 0.029671717171717182 0.04345703125
13 0.7897727272727273 0.255615234375 0.025252525252525377 0.05029296875
12 0.5359848484848485 0.25537109375 0.02146464646464644 0.0458984375
11 0.7171717171717171 0.25927734375 0.02146464646464644 0.0458984375