9 0.11065573770491803 0.313720703125 0.04224464060529634 0.05908203125
15 0.11506935687263554 0.455322265625 0.030895334174022692 0.07568359375
2 0.878310214375788 0.461181640625 0.03152585119798247 0.05712890625
0 0.44703656998738966 0.461669921875 0.0264817150063051 0.05810546875
2 0.21185372005044137 0.462158203125 0.031525851197982326 0.05712890625
0 0.4016393442622951 0.46240234375 0.027742749054224518 0.060546875
0 0.27364438839848676 0.462890625 0.026481715006305175 0.0634765625
2 0.7610340479192937 0.46337890625 0.029003783102143642 0.060546875
0 0.5028373266078184 0.464111328125 0.030895334174022765 0.06103515625
0 0.8187263556116015 0.464111328125 0.03467843631778057 0.05517578125
0 0.544766708701135 0.464111328125 0.0264817150063051 0.05126953125
0 0.5889029003783102 0.46435546875 0.021437578814628024 0.060546875
0 0.6305170239596469 0.465087890625 0.029003783102143788 0.05517578125
9 0.11254728877679697 0.533935546875 0.03593947036569988 0.04541015625
4 0.15825977301387137 0.673583984375 0.026481715006305175 0.05419921875
15 0.11538461538461539 0.676025390625 0.03152585119798236 0.08544921875
1 0.7503152585119798 0.677978515625 0.03152585119798247 0.05712890625
4 0.6103404791929382 0.678955078125 0.020176544766708753 0.05908203125
1 0.3039092055485498 0.678955078125 0.022698612862547294 0.05908203125
1 0.2663934426229508 0.680419921875 0.022068095838587657 0.05615234375
4 0.7049180327868853 0.681396484375 0.023959646910466564 0.06103515625
0 0.3609709962168979 0.6826171875 0.02963430012610335 0.060546875
0 0.8143127364438839 0.683349609375 0.035939470365699985 0.06103515625
4 0.6620428751576293 0.6845703125 0.021437578814628024 0.06640625
9 0.11191677175283732 0.756591796875 0.03720050441361915 0.05615234375
8 0.5264817150063051 0.757568359375 0.0264817150063051 0.05810546875
14 0.40762925598991173 0.758056640625 0.033417402269861306 0.04931640625
7 0.4681588902900378 0.759521484375 0.02963430012610335 0.05419921875
15 0.1131778058007566 0.23095703125 0.03467843631778057 0.07421875
2 0.5047288776796973 0.238037109375 0.03467843631778057 0.05322265625
1 0.6762295081967213 0.240966796875 0.038461538461538526 0.06103515625
0 0.3442622950819672 0.240966796875 0.02522068095838583 0.05908203125
1 0.8423707440100883 0.241455078125 0.025220680958385977 0.05615234375
0 0.38146279949558637 0.2412109375 0.0264817150063051 0.060546875
1 0.7168978562421184 0.2421875 0.025220680958385977 0.060546875
1 0.8076923076923076 0.242919921875 0.022698612862547148 0.05908203125
0 0.2150063051702396 0.24267578125 0.025220680958385904 0.0615234375
1 0.8833543505674653 0.24267578125 0.029003783102143642 0.05078125
1 0.7654476670870113 0.243408203125 0.0327868852459016 0.05419921875
0 0.17496847414880204 0.244140625 0.030895334174022692 0.060546875
0 0.2673392181588903 0.245361328125 0.027742749054224445 0.05419921875
0 0.557061790668348 0.245361328125 0.03593947036569985 0.05615234375
0 0.3039092055485498 0.245361328125 0.025220680958385904 0.05615234375