10 0.7127054361567636 0.355712890625 0.03982300884955765 0.06494140625
9 0.13053097345132744 0.35595703125 0.05120101137800254 0.0712890625
14 0.46934260429835645 0.356689453125 0.04614412136536027 0.06396484375
10 0.21649810366624525 0.359619140625 0.04740834386852084 0.05908203125
15 0.13084702907711757 0.5048828125 0.05436156763590391 0.1044921875
2 0.4952591656131479 0.50634765625 0.04361567635903914 0.0693359375
3 0.7582174462705435 0.507080078125 0.03476611883691539 0.06201171875
4 0.615992414664981 0.50732421875 0.04235145385587864 0.06640625
2 0.18931731984829328 0.50732421875 0.03729456384323638 0.0751953125
4 0.6987989886219975 0.50830078125 0.03603034134007574 0.06640625
3 0.5616308470290771 0.509521484375 0.036030341340075885 0.06103515625
2 0.8192161820480404 0.51025390625 0.029077117572692664 0.072265625
2 0.43394437420986093 0.51123046875 0.03855878634639702 0.0712890625
1 0.2503160556257901 0.51220703125 0.030341340075853374 0.07421875
1 0.31131479140328694 0.51318359375 0.04108723135271808 0.0703125
1 0.8786346396965865 0.515625 0.03286978508217458 0.0712890625
9 0.13211125158027812 0.60546875 0.06447534766118837 0.0634765625
10 0.4383691529709228 0.607177734375 0.04740834386852091 0.06201171875
14 0.7013274336283186 0.607666015625 0.03855878634639702 0.06494140625
14 0.1956384323640961 0.607421875 0.03982300884955751 0.0673828125
15 0.1261061946902655 0.744384765625 0.054993678887484194 0.11279296875
2 0.46491782553729455 0.76025390625 0.03855878634639702 0.0703125
1 0.5802781289506953 0.76513671875 0.03160556257901394 0.076171875
1 0.37326169405815424 0.765625 0.034766118836915244 0.0791015625
0 0.761378002528445 0.766357421875 0.04614412136536027 0.08447265625
0 0.18742098609355246 0.76708984375 0.04740834386852084 0.07421875
0 0.6665613147914032 0.76806640625 0.049936788874841896 0.080078125
0 0.2803413400758533 0.769775390625 0.04740834386852084 0.08251953125
9 0.1311630847029077 0.85546875 0.049936788874841966 0.0751953125
10 0.7626422250316055 0.85888671875 0.041087231352718 0.068359375
14 0.577433628318584 0.860107421875 0.04108723135271815 0.06591796875
10 0.19247787610619468 0.860107421875 0.04108723135271808 0.06005859375
15 0.12389380530973451 0.24658203125 0.0695322376738306 0.10546875
4 0.4646017699115044 0.253662109375 0.0303413400758533 0.06494140625
4 0.3814791403286978 0.25537109375 0.05120101137800254 0.0693359375
2 0.21713021491782553 0.255859375 0.038558786346396944 0.068359375
3 0.5183312262958281 0.256591796875 0.0303413400758533 0.06103515625
3 0.32648546144121365 0.2568359375 0.04361567635903917 0.06640625
2 0.8833754740834386 0.2578125 0.03855878634639702 0.0703125
2 0.26769911504424776 0.259033203125 0.03350189633375475 0.06396484375
1 0.8245891276864727 0.26171875 0.03855878634639702 0.07421875
2 0.5730088495575221 0.262939453125 0.04108723135271815 0.06396484375
1 0.6327433628318584 0.2626953125 0.03160556257901394 0.076171875
0 0.7104930467762326 0.2646484375 0.0303413400758533 0.0751953125
0 0.768331226295828 0.2646484375 0.03982300884955765 0.0693359375