9 0.11633039092055486 0.342529296875 0.04602774274905422 0.05419921875
14 0.18190416141235813 0.345458984375 0.030895334174022692 0.05029296875
15 0.1182219419924338 0.516845703125 0.04224464060529634 0.08447265625
2 0.8619167717528373 0.521728515625 0.0327868852459016 0.05908203125
1 0.16424968474148802 0.522705078125 0.03467843631778057 0.06103515625
1 0.5 0.52294921875 0.031525851197982326 0.064453125
1 0.6639344262295082 0.525634765625 0.022698612862547148 0.05908203125
1 0.5737704918032787 0.525390625 0.0327868852459016 0.0634765625
1 0.7900378310214375 0.52587890625 0.03152585119798247 0.064453125
9 0.11633039092055486 0.615966796875 0.04224464060529634 0.06787109375
14 0.3505674653215637 0.616455078125 0.027742749054224518 0.05810546875
14 0.4221311475409836 0.617431640625 0.03467843631778057 0.05712890625
15 0.11853720050441362 0.790283203125 0.04791929382093316 0.08935546875
1 0.16424968474148802 0.793212890625 0.030895334174022692 0.05712890625
2 0.7991803278688524 0.79443359375 0.03467843631778057 0.0634765625
0 0.3010718789407314 0.7958984375 0.03720050441361918 0.06640625
0 0.4574401008827238 0.796875 0.0397225725094578 0.06640625
9 0.1131778058007566 0.884765625 0.04476670870113495 0.060546875
14 0.6595208070617906 0.885986328125 0.027742749054224518 0.05224609375
15 0.11853720050441362 0.246826171875 0.04413619167717528 0.08740234375
3 0.5598991172761665 0.250244140625 0.031525851197982326 0.05419921875
1 0.8704287515762925 0.255859375 0.03089533417402262 0.0634765625
2 0.3634930643127365 0.256103515625 0.03467843631778057 0.05322265625
1 0.7994955863808323 0.256103515625 0.039092055485498094 0.07177734375
2 0.29760403530895335 0.256591796875 0.03656998738965955 0.05615234375
2 0.691046658259773 0.256591796875 0.027742749054224518 0.05810546875
2 0.44861286254728877 0.25634765625 0.02963430012610335 0.060546875