1 0.7512626262626262 0.382568359375 0.025252525252525377 0.05615234375
0 0.5514520202020202 0.383056640625 0.033459595959595974 0.05517578125
0 0.8219696969696969 0.383544921875 0.023989898989899065 0.05615234375
6 0.3345959595959596 0.384033203125 0.026515151515151547 0.05908203125
6 0.8882575757575757 0.385986328125 0.025252525252525377 0.06103515625
5 0.11868686868686869 0.386474609375 0.025252525252525235 0.05126953125
14 0.6792929292929293 0.458740234375 0.027777777777777714 0.04931640625
12 0.18592171717171718 0.460693359375 0.04103535353535356 0.05810546875
13 0.7556818181818181 0.46044921875 0.03156565656565665 0.046875
11 0.4678030303030303 0.461181640625 0.025252525252525235 0.05712890625
13 0.6126893939393939 0.462158203125 0.030934343434343495 0.05126953125
14 0.12342171717171717 0.462158203125 0.03724747474747473 0.04541015625
12 0.5539772727272727 0.462646484375 0.030934343434343495 0.05810546875
10 0.4049873737373737 0.46240234375 0.029671717171717182 0.060546875
8 0.33333333333333326 0.464111328125 0.025252525252525235 0.06103515625
10 0.2503156565656565 0.46533203125 0.039772727272727244 0.0703125
5 0.11868686868686869 0.572021484375 0.025252525252525235 0.05908203125
4 0.33333333333333326 0.572509765625 0.025252525252525235 0.04931640625
4 0.7594696969696969 0.574951171875 0.03156565656565665 0.05419921875
6 0.5536616161616161 0.574951171875 0.03282828282828282 0.05908203125
12 0.8219696969696969 0.646240234375 0.0265151515151514 0.04833984375
14 0.1202651515151515 0.646484375 0.028409090909090905 0.046875
12 0.18592171717171718 0.646728515625 0.030934343434343422 0.05322265625
14 0.7582070707070707 0.647216796875 0.023989898989899065 0.05029296875
13 0.6148989898989898 0.6484375 0.03282828282828282 0.0439453125
12 0.5505050505050505 0.648681640625 0.02146464646464644 0.05322265625
11 0.4678030303030303 0.649658203125 0.026515151515151547 0.05810546875
11 0.8888888888888888 0.649658203125 0.0265151515151514 0.04931640625
10 0.401199494949495 0.64990234375 0.03598484848484845 0.0634765625
12 0.6805555555555556 0.650146484375 0.029040404040404026 0.04541015625
10 0.24873737373737373 0.65087890625 0.026515151515151547 0.0654296875
8 0.33333333333333326 0.65283203125 0.023989898989898957 0.0634765625
5 0.5416666666666666 0.760498046875 0.020202020202020273 0.05029296875
4 0.6931818181818181 0.762939453125 0.025252525252525377 0.05322265625
3 0.11710858585858586 0.762939453125 0.024621212121212113 0.05126953125
0 0.2556818181818182 0.76318359375 0.025252525252525235 0.0458984375
5 0.5795454545454545 0.763916015625 0.022727272727272752 0.05322265625
5 0.8484848484848485 0.763916015625 0.027777777777777714 0.05517578125
5 0.3371212121212121 0.7646484375 0.01767676767676765 0.0400390625
2 0.15656565656565655 0.76513671875 0.022727272727272717 0.041015625
1 0.19823232323232323 0.76513671875 0.0202020202020202 0.041015625
6 0.297979797979798 0.76513671875 0.025252525252525235 0.046875
0 0.6205808080808081 0.765380859375 0.026515151515151547 0.05224609375
4 0.39583333333333326 0.769287109375 0.022727272727272752 0.05712890625
11 0.7866161616161617 0.830078125 0.03156565656565665 0.060546875
13 0.48358585858585856 0.830810546875 0.026515151515151547 0.04931640625
12 0.4390782828282828 0.833740234375 0.033459595959595974 0.04931640625
11 0.39583333333333326 0.834716796875 0.027777777777777714 0.05322265625
13 0.11837121212121211 0.834716796875 0.032196969696969696 0.05126953125
12 0.7421085858585857 0.835205078125 0.03093434343434335 0.05029296875
12 0.2556818181818182 0.836181640625 0.027777777777777787 0.05224609375
12 0.8519570707070707 0.836669921875 0.03093434343434335 0.05517578125
11 0.6938131313131313 0.838623046875 0.03156565656565665 0.05126953125
5 0.2821969696969697 0.20068359375 0.0202020202020202 0.0458984375
5 0.4273989898989899 0.201416015625 0.01767676767676765 0.04541015625
4 0.36111111111111105 0.203125 0.026515151515151547 0.046875
1 0.7664141414141413 0.20458984375 0.022727272727272752 0.0458984375
2 0.1553030303030303 0.205078125 0.022727272727272735 0.046875
6 0.48232323232323226 0.20556640625 0.031565656565656505 0.0458984375
3 0.8933080808080808 0.20556640625 0.027777777777777714 0.0458984375
2 0.8314393939393939 0.20654296875 0.029040404040404026 0.0439453125
0 0.2178030303030303 0.20751953125 0.023989898989898995 0.041015625
0 0.5669191919191918 0.20849609375 0.025252525252525235 0.0400390625
7 0.7670454545454545 0.27001953125 0.02146464646464644 0.046875
14 0.6931818181818181 0.273681640625 0.025252525252525377 0.05029296875
12 0.5650252525252525 0.274658203125 0.025252525252525235 0.05615234375
13 0.6313131313131313 0.276123046875 0.031565656565656505 0.05126953125
11 0.3623737373737374 0.280029296875 0.026515151515151547 0.04931640625
10 0.15593434343434343 0.282958984375 0.04797979797979799 0.06103515625