10 0.17465321563682218 0.310302734375 0.02017654476670868 0.05517578125
10 0.8631778058007565 0.314208984375 0.025220680958385977 0.06005859375
10 0.21847414880201763 0.314208984375 0.02963430012610342 0.05810546875
9 0.11002522068095838 0.3173828125 0.03846153846153846 0.046875
4 0.5258511979823456 0.515869140625 0.027742749054224518 0.05712890625
4 0.5605296343001261 0.515869140625 0.018915510718789337 0.05712890625
4 0.5901639344262295 0.516845703125 0.018915510718789337 0.05126953125
15 0.10655737704918034 0.517333984375 0.05044136191677174 0.07568359375
3 0.26103404791929385 0.517822265625 0.022698612862547294 0.05517578125
4 0.22414880201765447 0.517578125 0.024590163934426198 0.0458984375
3 0.6182219419924337 0.518310546875 0.017023959646910506 0.04833984375
4 0.19199243379571249 0.518798828125 0.030895334174022692 0.04931640625
1 0.4527112232030264 0.518798828125 0.02522068095838583 0.05712890625
3 0.6778058007566203 0.51904296875 0.021437578814628024 0.0439453125
3 0.7143757881462799 0.51904296875 0.023959646910466564 0.0419921875
2 0.3770491803278689 0.51904296875 0.02522068095838583 0.060546875
4 0.1541614123581337 0.519287109375 0.03089533417402271 0.05810546875
2 0.3417402269861286 0.519287109375 0.027742749054224518 0.05810546875
3 0.6450189155107188 0.51953125 0.023959646910466564 0.046875
3 0.2994955863808323 0.520751953125 0.026481715006305175 0.05712890625
1 0.882093316519546 0.520751953125 0.029003783102143642 0.05517578125
2 0.8455233291298865 0.521728515625 0.023959646910466564 0.05322265625
2 0.7556746532156368 0.521728515625 0.035939470365699985 0.05126953125
2 0.4104665825977301 0.522705078125 0.022698612862547294 0.05126953125
2 0.8032786885245902 0.524658203125 0.025220680958385977 0.05517578125
9 0.11380832282471626 0.602294921875 0.03341740226986127 0.05126953125
5 0.39155107187894067 0.79541015625 0.020176544766708753 0.0634765625
5 0.3505674653215637 0.797607421875 0.027742749054224518 0.05517578125
5 0.45145018915510715 0.798095703125 0.01765447667087007 0.05419921875
5 0.42244640605296346 0.799072265625 0.01765447667087007 0.06005859375
4 0.49054224464060525 0.799072265625 0.027742749054224518 0.06005859375
15 0.11506935687263554 0.799072265625 0.030895334174022692 0.07861328125
4 0.23896595208070617 0.800537109375 0.023959646910466564 0.04931640625
4 0.29350567465321564 0.802001953125 0.03467843631778057 0.05615234375
3 0.6191677175283733 0.802001953125 0.0264817150063051 0.05224609375
1 0.8095838587641866 0.802978515625 0.0264817150063051 0.04833984375
2 0.6626733921815888 0.803955078125 0.027742749054224518 0.05615234375
3 0.5775535939470365 0.804931640625 0.022698612862547294 0.05615234375
1 0.7591424968474149 0.804931640625 0.027742749054224518 0.05029296875
2 0.7030264817150064 0.805908203125 0.025220680958385977 0.05029296875
10 0.8470996216897857 0.879150390625 0.03467843631778057 0.06103515625
9 0.1116015132408575 0.87890625 0.02900378310214375 0.04296875
10 0.15037831021437578 0.87939453125 0.028373266078184117 0.060546875
10 0.19640605296343003 0.880126953125 0.03215636822194196 0.05712890625
5 0.4697351828499369 0.231201171875 0.020176544766708753 0.05615234375
5 0.4073139974779319 0.231689453125 0.031525851197982326 0.05908203125
5 0.43757881462799497 0.232177734375 0.0264817150063051 0.05615234375
15 0.11002522068095838 0.23291015625 0.04602774274905422 0.06640625
5 0.36885245901639346 0.233642578125 0.027742749054224518 0.05517578125
4 0.2581967213114754 0.234619140625 0.030895334174022692 0.05126953125
2 0.510718789407314 0.235595703125 0.021437578814628024 0.05908203125
3 0.594577553593947 0.236572265625 0.0264817150063051 0.05322265625
4 0.31305170239596475 0.237060546875 0.03467843631778061 0.05029296875
3 0.6387137452711223 0.238525390625 0.025220680958385904 0.05224609375
2 0.6765447667087011 0.23828125 0.0264817150063051 0.0458984375
1 0.7755359394703656 0.238525390625 0.025220680958385977 0.05224609375
2 0.7216267339218159 0.239501953125 0.03089533417402262 0.05029296875
1 0.8221941992433797 0.240478515625 0.0264817150063051 0.05224609375