5 0.48169889502762436 0.32568359375 0.018646408839778975 0.041015625
5 0.1988950276243094 0.326904296875 0.023480662983425386 0.04150390625
4 0.4564917127071823 0.3271484375 0.026243093922651964 0.0400390625
4 0.6212016574585636 0.327392578125 0.020027624309392304 0.03564453125
4 0.28798342541436467 0.327392578125 0.017955801104972392 0.04150390625
4 0.34012430939226523 0.327392578125 0.020027624309392304 0.04150390625
4 0.17714088397790057 0.327880859375 0.022790055248618803 0.03955078125
4 0.6467541436464089 0.328369140625 0.018646408839778975 0.03759765625
4 0.2676104972375691 0.328125 0.026933701657458547 0.0419921875
4 0.22651933701657456 0.328857421875 0.02071823204419889 0.03759765625
3 0.6761049723756906 0.329345703125 0.023480662983425465 0.03759765625
2 0.3080110497237569 0.329833984375 0.015193370165745894 0.03662109375
4 0.5096685082872928 0.32958984375 0.023480662983425465 0.041015625
4 0.5490331491712708 0.329833984375 0.023480662983425465 0.03955078125
2 0.5908149171270719 0.329833984375 0.01588397790055248 0.03759765625
15 0.14226519337016574 0.32958984375 0.034530386740331494 0.0537109375
4 0.5707872928176796 0.330322265625 0.01588397790055248 0.04248046875
2 0.3832872928176796 0.330322265625 0.030386740331491788 0.03662109375
1 0.6988950276243094 0.33154296875 0.020718232044198967 0.033203125
0 0.7420580110497238 0.331787109375 0.022790055248618803 0.04345703125
0 0.40987569060773477 0.33251953125 0.0255524861878453 0.04296875
0 0.7914364640883977 0.33251953125 0.024861878453038635 0.0419921875
10 0.457182320441989 0.379638671875 0.023480662983425465 0.03564453125
10 0.7441298342541436 0.38037109375 0.024171270718232128 0.0390625
10 0.3380524861878453 0.380615234375 0.026933701657458547 0.03564453125
10 0.7924723756906077 0.381103515625 0.02693370165745847 0.04150390625
14 0.6212016574585636 0.381103515625 0.022790055248618803 0.03857421875
14 0.17817679558011051 0.38232421875 0.02209944751381214 0.0341796875
9 0.14364640883977903 0.383544921875 0.03176795580110496 0.03564453125
15 0.1850828729281768 0.201171875 0.027624309392265213 0.056640625
4 0.23480662983425415 0.202880859375 0.029005524861878462 0.04248046875
5 0.5082872928176796 0.203125 0.023480662983425465 0.0361328125
4 0.6277624309392266 0.2041015625 0.020718232044198967 0.0390625
4 0.26277624309392267 0.2041015625 0.020027624309392304 0.0380859375
4 0.5991022099447514 0.20458984375 0.029696132596685125 0.041015625
2 0.3901933701657459 0.20458984375 0.03176795580110496 0.033203125
4 0.480317679558011 0.205322265625 0.028314917127071796 0.03955078125
2 0.6543508287292817 0.205078125 0.022790055248618803 0.0400390625
3 0.6916436464088398 0.205810546875 0.024171270718231972 0.04150390625
2 0.2893646408839779 0.205810546875 0.02209944751381214 0.04248046875
4 0.5462707182320442 0.206787109375 0.029005524861878462 0.03759765625
4 0.32734806629834257 0.20703125 0.027624309392265213 0.0400390625
1 0.7558701657458564 0.20703125 0.029696132596685125 0.041015625
0 0.4174723756906078 0.209716796875 0.028314917127071796 0.03759765625
6 0.7834944751381215 0.210205078125 0.028314917127071796 0.04541015625
10 0.4799723756906078 0.254150390625 0.029005524861878462 0.04150390625
9 0.1823204419889503 0.255126953125 0.026243093922651943 0.03857421875
14 0.693024861878453 0.2568359375 0.024171270718231972 0.0419921875
10 0.3287292817679558 0.25732421875 0.02209944751381214 0.0322265625