5 0.3933011049723757 0.33837890625 0.022790055248618792 0.0419921875
1 0.7727900552486188 0.34228515625 0.019337016574585482 0.033203125
3 0.27900552486187846 0.342529296875 0.020718232044198932 0.03759765625
1 0.8960635359116021 0.343017578125 0.02417127071823193 0.03662109375
3 0.8363259668508287 0.343505859375 0.022099447513812067 0.03271484375
6 0.7441298342541436 0.343505859375 0.01726519337016562 0.04150390625
3 0.8670580110497238 0.343505859375 0.015883977900552484 0.03173828125
5 0.5870165745856354 0.34375 0.019337016574585638 0.0341796875
0 0.33701657458563533 0.343994140625 0.019337016574585638 0.03369140625
2 0.36878453038674036 0.34375 0.015193370165745915 0.0341796875
3 0.524171270718232 0.344482421875 0.017955801104972344 0.04052734375
3 0.6450276243093922 0.34423828125 0.024861878453038656 0.0439453125
1 0.25103591160220995 0.344970703125 0.018646408839778993 0.03662109375
0 0.6156767955801105 0.345458984375 0.020027624309392207 0.03955078125
5 0.22168508287292815 0.34521484375 0.019337016574585638 0.0341796875
4 0.7144337016574586 0.345703125 0.024171270718232007 0.037109375
6 0.4647790055248619 0.345947265625 0.022099447513812227 0.03759765625
1 0.4958563535911602 0.3466796875 0.02348066298342536 0.0390625
3 0.4375 0.47265625 0.02555248618784538 0.04296875
4 0.22410220994475138 0.4736328125 0.022790055248618792 0.03515625
2 0.5531767955801105 0.474609375 0.02762430939226524 0.041015625
6 0.2593232044198895 0.47509765625 0.017265193370165775 0.03515625
1 0.3200966850828729 0.4755859375 0.026933701657458595 0.0380859375
1 0.287292817679558 0.47607421875 0.020718232044198932 0.0361328125
1 0.6857734806629834 0.476806640625 0.019337016574585638 0.03662109375
0 0.36878453038674036 0.476806640625 0.03176795580110497 0.03857421875
0 0.8062845303867403 0.478271484375 0.02555248618784538 0.03466796875
5 0.3076657458563536 0.6064453125 0.018646408839778993 0.0390625
0 0.5421270718232044 0.610595703125 0.024861878453038656 0.03857421875
6 0.1947513812154696 0.612548828125 0.02348066298342544 0.03857421875
6 0.4292127071823204 0.615478515625 0.017265193370165775 0.04248046875
5 0.36602209944751385 0.881591796875 0.029005524861878417 0.03759765625
3 0.4958563535911602 0.884765625 0.03176795580110497 0.0478515625
1 0.7441298342541436 0.885009765625 0.02555248618784538 0.04638671875
1 0.8667127071823204 0.88671875 0.02900552486187838 0.0478515625
11 0.20994475138121546 0.26513671875 0.022099447513812147 0.04296875
8 0.3877762430939226 0.2666015625 0.020027624309392207 0.041015625
7 0.29316298342541436 0.2685546875 0.020027624309392283 0.041015625
14 0.755524861878453 0.26953125 0.020718232044198932 0.0400390625
7 0.8387430939226519 0.27001953125 0.022790055248618792 0.03515625
14 0.5694060773480664 0.270263671875 0.01864640883977907 0.03564453125
11 0.6567679558011049 0.270751953125 0.024861878453038656 0.03857421875
13 0.47237569060773477 0.271728515625 0.020718232044198932 0.03662109375