9 0.08287292817679558 0.302978515625 0.024861878453038673 0.04150390625
12 0.22375690607734805 0.30810546875 0.019337016574585638 0.0419921875
12 0.16781767955801105 0.309326171875 0.029005524861878455 0.03759765625
12 0.19613259668508284 0.310546875 0.015193370165745837 0.0419921875
1 0.375 0.412353515625 0.022099447513812227 0.03955078125
0 0.860842541436464 0.4130859375 0.01726519337016562 0.0380859375
6 0.46685082872928174 0.413330078125 0.020718232044198932 0.03466796875
15 0.081146408839779 0.4140625 0.04212707182320441 0.0546875
0 0.6322513812154696 0.41455078125 0.0214088397790055 0.0400390625
1 0.42541436464088395 0.415283203125 0.019337016574585638 0.03857421875
2 0.7710635359116021 0.4150390625 0.021408839779005658 0.041015625
1 0.40124309392265195 0.416259765625 0.015193370165745915 0.03662109375
2 0.3508287292817679 0.416015625 0.0193370165745856 0.0439453125
2 0.543853591160221 0.416259765625 0.024171270718232087 0.04150390625
2 0.568024861878453 0.416748046875 0.015883977900552484 0.03662109375
3 0.2869475138121547 0.417236328125 0.01450276243093919 0.03857421875
1 0.8183701657458564 0.417724609375 0.019337016574585482 0.04150390625
3 0.26243093922651933 0.417724609375 0.01657458563535913 0.03857421875
2 0.1439917127071823 0.418212890625 0.02140883977900554 0.03662109375
2 0.17472375690607736 0.41845703125 0.01657458563535913 0.0361328125
3 0.31388121546961323 0.418701171875 0.013121546961325975 0.03662109375
2 0.7938535911602209 0.4189453125 0.015883977900552484 0.0400390625
2 0.19509668508287292 0.41943359375 0.017265193370165775 0.0380859375
5 0.5928867403314917 0.419677734375 0.015883977900552484 0.03662109375
11 0.9323204419889501 0.49853515625 0.017955801104972344 0.03515625
10 0.6830110497237569 0.4990234375 0.017955801104972344 0.046875
11 0.7054558011049723 0.499755859375 0.014502762430939268 0.03955078125
9 0.08149171270718232 0.499755859375 0.027624309392265203 0.04541015625
10 0.6574585635359116 0.500244140625 0.020718232044198932 0.03662109375
12 0.7455110497237569 0.503662109375 0.021408839779005658 0.03955078125
10 0.8812154696132596 0.504150390625 0.019337016574585482 0.03759765625
10 0.9091850828729282 0.5068359375 0.013121546961325895 0.033203125
2 0.14261049723756905 0.613037109375 0.017265193370165736 0.03857421875
15 0.08425414364640883 0.613525390625 0.024861878453038673 0.05126953125
5 0.29454419889502764 0.615478515625 0.022790055248618792 0.03466796875
1 0.18819060773480661 0.615966796875 0.018646408839778993 0.03466796875
3 0.6854281767955801 0.615966796875 0.01450276243093919 0.04150390625
3 0.6384668508287292 0.6162109375 0.01450276243093919 0.0341796875
3 0.6612569060773481 0.616455078125 0.017265193370165775 0.03955078125
1 0.886049723756906 0.6162109375 0.017955801104972344 0.0361328125
3 0.45821823204419887 0.61669921875 0.01450276243093919 0.03125
1 0.9330110497237569 0.61669921875 0.015193370165745757 0.0380859375
1 0.7216850828729282 0.6171875 0.02624309392265179 0.0400390625
5 0.22790055248618785 0.617431640625 0.019337016574585638 0.03759765625
3 0.43162983425414364 0.61767578125 0.015193370165745915 0.03515625
3 0.4816988950276243 0.617919921875 0.01450276243093919 0.03662109375
1 0.9091850828729282 0.617919921875 0.015883977900552484 0.03662109375
2 0.16574585635359115 0.617919921875 0.011049723756906073 0.03857421875
1 0.5203729281767956 0.619384765625 0.020027624309392207 0.04248046875
1 0.5718232044198894 0.620361328125 0.022099447513812227 0.03857421875
10 0.22859116022099446 0.701171875 0.019337016574585638 0.033203125
9 0.08252762430939227 0.702392578125 0.022790055248618792 0.04248046875
11 0.18888121546961326 0.7041015625 0.017265193370165775 0.033203125
12 0.16540055248618785 0.704833984375 0.013121546961325975 0.03662109375
12 0.12154696132596685 0.70458984375 0.015193370165745837 0.0361328125
12 0.14261049723756905 0.70556640625 0.014502762430939228 0.0380859375
9 0.46961325966850825 0.810791015625 0.03176795580110497 0.04248046875
5 0.8169889502762431 0.81201171875 0.019337016574585482 0.041015625
5 0.7897099447513812 0.812744140625 0.021408839779005658 0.04150390625
9 0.08218232044198895 0.812744140625 0.0303867403314917 0.03857421875
3 0.35082872928176795 0.813720703125 0.015193370165745837 0.03759765625
13 0.5317679558011049 0.81396484375 0.019337016574585638 0.0361328125
3 0.32976519337016574 0.81396484375 0.013121546961325975 0.0361328125
5 0.8591160220994475 0.814453125 0.023480662983425517 0.0400390625
3 0.30179558011049723 0.8154296875 0.020718232044198932 0.033203125
2 0.7603591160220995 0.816650390625 0.023480662983425517 0.03955078125
11 0.6208563535911602 0.8173828125 0.022099447513812227 0.04296875
11 0.1229281767955801 0.818115234375 0.027624309392265203 0.03955078125
13 0.5555939226519336 0.818359375 0.01450276243093919 0.041015625
13 0.5814917127071823 0.818359375 0.017955801104972344 0.0380859375
7 0.7365331491712708 0.899169921875 0.021408839779005658 0.03759765625
14 0.5069060773480664 0.89990234375 0.022099447513812227 0.0341796875
9 0.08390883977900553 0.89990234375 0.0255524861878453 0.0400390625
7 0.9330110497237569 0.900634765625 0.019337016574585482 0.04248046875
7 0.8825966850828729 0.9013671875 0.017955801104972344 0.0361328125
7 0.9071132596685083 0.90283203125 0.015883977900552484 0.0390625
12 0.206146408839779 0.904296875 0.018646408839778993 0.04296875
12 0.642610497237569 0.90478515625 0.024171270718232087 0.041015625
12 0.17955801104972377 0.90478515625 0.019337016574585638 0.046875
12 0.6702348066298343 0.906005859375 0.017265193370165775 0.04150390625
12 0.14986187845303867 0.9072265625 0.022099447513812147 0.0380859375
12 0.6912983425414364 0.907958984375 0.017955801104972344 0.04638671875
7 0.2779696132596685 0.90966796875 0.022790055248618792 0.0439453125
0 0.8480662983425413 0.212158203125 0.015193370165745757 0.04248046875
0 0.8252762430939227 0.212890625 0.019337016574585482 0.046875
15 0.08080110497237569 0.213623046875 0.03176795580110497 0.05126953125
0 0.8736187845303867 0.213623046875 0.015193370165745757 0.04541015625
5 0.9171270718232044 0.2158203125 0.019337016574585482 0.0361328125
2 0.17058011049723756 0.2177734375 0.02071823204419889 0.0380859375
1 0.38363259668508287 0.218505859375 0.01864640883977907 0.04150390625
1 0.3532458563535911 0.218994140625 0.022790055248618792 0.03955078125
3 0.761049723756906 0.219482421875 0.012430939226519484 0.03662109375
1 0.41263812154696133 0.21923828125 0.017265193370165775 0.0380859375
3 0.7116712707182321 0.21923828125 0.013121546961325895 0.0380859375
2 0.19820441988950274 0.21923828125 0.01657458563535913 0.0400390625
2 0.5935773480662984 0.2197265625 0.0214088397790055 0.041015625
3 0.7372237569060773 0.22021484375 0.01726519337016562 0.0341796875
2 0.6212016574585635 0.220458984375 0.015883977900552484 0.03857421875
2 0.8004143646408839 0.220458984375 0.019337016574585482 0.04150390625
2 0.6460635359116023 0.220703125 0.013121546961325895 0.041015625
0 0.6850828729281768 0.220703125 0.02762430939226524 0.0439453125
2 0.22617403314917128 0.220703125 0.018646408839778993 0.0380859375
0 0.2703729281767956 0.221923828125 0.0255524861878453 0.04150390625