15 0.0695 0.54 0.052 0.095
13 0.11725 0.5525 0.0365 0.065
14 0.9255 0.554 0.026 0.078
13 0.7445 0.55425 0.031 0.0815
11 0.5565 0.55475 0.038 0.0965
12 0.66425 0.55725 0.0375 0.0815
12 0.196 0.5575 0.031 0.085
10 0.47275 0.558 0.0445 0.093
12 0.829 0.559 0.037 0.081
10 0.2795 0.564 0.041 0.098
8 0.38475 0.566 0.0345 0.095
15 0.05575 0.7375 0.0645 0.12
5 0.64825 0.7415 0.0205 0.075
2 0.1585 0.7415 0.026 0.07
5 0.3885 0.742 0.031 0.081
4 0.4635 0.74425 0.026 0.0785
4 0.8425 0.74525 0.027 0.0825
1 0.2115 0.74525 0.032 0.0775
3 0.10775 0.747 0.0295 0.066
0 0.74625 0.7495 0.0195 0.071
0 0.28125 0.7515 0.0245 0.065
6 0.6955 0.75175 0.028 0.0735
6 0.33625 0.75325 0.0245 0.0735
15 0.05825 0.85375 0.0545 0.0875
8 0.65025 0.8565 0.0295 0.07
13 0.11025 0.86 0.0295 0.08
14 0.2835 0.86325 0.036 0.0765
14 0.52225 0.86475 0.0395 0.0865
7 0.57475 0.8655 0.0245 0.088
14 0.90125 0.8665 0.0375 0.09
11 0.84275 0.86975 0.0345 0.0865
11 0.96375 0.8705 0.0325 0.088
13 0.462 0.87075 0.036 0.1015
6 0.922 0.11875 0.033 0.0975
4 0.382 0.11875 0.042 0.1075
5 0.1095 0.12125 0.047 0.0975
5 0.66225 0.12175 0.0355 0.1165
15 0.0595 0.12375 0.042 0.1125
15 0.06075 0.241 0.0445 0.122
13 0.7435 0.24175 0.036 0.0865
14 0.1115 0.245 0.028 0.07
13 0.92025 0.2455 0.0325 0.068
14 0.82225 0.24575 0.0295 0.0915
13 0.55775 0.25 0.0345 0.103
12 0.19775 0.25 0.0345 0.08
12 0.662 0.2515 0.036 0.09
8 0.472 0.2555 0.036 0.098
10 0.2755 0.2565 0.036 0.1
8 0.3845 0.258 0.028 0.093
15 0.0595 0.43 0.042 0.09
5 0.66325 0.43 0.0305 0.085
4 0.38575 0.43075 0.0335 0.0785
4 0.92625 0.4345 0.0345 0.071
5 0.1085 0.437 0.041 0.086