4 0.18150252525252522 0.478515625 0.0422979797979798 0.064453125
4 0.2919823232323232 0.47900390625 0.04482323232323235 0.0673828125
15 0.12973484848484848 0.47998046875 0.0422979797979798 0.0966796875
4 0.4327651515151515 0.482421875 0.03598484848484845 0.060546875
1 0.8677398989898989 0.484375 0.03851010101010093 0.068359375
0 0.6840277777777777 0.48779296875 0.039772727272727244 0.072265625
0 0.795770202020202 0.48828125 0.04103535353535356 0.0732421875
9 0.12910353535353536 0.567626953125 0.052398989898989896 0.06201171875
14 0.5470328282828283 0.576171875 0.04229797979797972 0.0634765625
15 0.12373737373737373 0.7626953125 0.054292929292929296 0.1044921875
1 0.6821338383838383 0.7626953125 0.04103535353535356 0.0654296875
1 0.48453282828282823 0.76416015625 0.043560606060606036 0.0693359375
2 0.1821338383838384 0.765380859375 0.0422979797979798 0.05810546875
1 0.255050505050505 0.76806640625 0.031565656565656575 0.0771484375
0 0.33175505050505044 0.76806640625 0.039772727272727244 0.068359375
14 0.805871212121212 0.854248046875 0.04608585858585852 0.05810546875
9 0.1259469696969697 0.856689453125 0.04608585858585859 0.06201171875
15 0.11805555555555555 0.197265625 0.05808080808080809 0.0859375
2 0.6650883838383838 0.19921875 0.03093434343434335 0.0673828125
1 0.5678661616161617 0.20361328125 0.039772727272727244 0.0703125
0 0.36900252525252525 0.2041015625 0.04229797979797987 0.0712890625
1 0.7345328282828283 0.2060546875 0.04608585858585852 0.06640625
0 0.8131313131313131 0.2060546875 0.03661616161616161 0.0712890625
0 0.4946338383838384 0.20751953125 0.037247474747474765 0.0654296875
14 0.19728535353535354 0.290771484375 0.04103535353535356 0.05810546875
9 0.12215909090909091 0.29345703125 0.0422979797979798 0.0693359375