5 0.1856060606060606 0.359619140625 0.04419191919191919 0.05419921875
4 0.3715277777777778 0.3603515625 0.029671717171717182 0.0458984375
15 0.12058080808080807 0.363037109375 0.04419191919191919 0.06787109375
3 0.6748737373737373 0.363525390625 0.03282828282828296 0.04833984375
3 0.8522727272727273 0.3642578125 0.023989898989899065 0.0458984375
3 0.46085858585858586 0.364990234375 0.027777777777777714 0.04931640625
3 0.27872474747474746 0.3662109375 0.033459595959595974 0.0419921875
1 0.5858585858585859 0.368408203125 0.026515151515151547 0.05322265625
10 0.7613636363636364 0.457763671875 0.027777777777777714 0.05908203125
9 0.1240530303030303 0.463623046875 0.03472222222222222 0.04833984375
4 0.3715277777777778 0.544189453125 0.030934343434343495 0.05810546875
15 0.1268939393939394 0.54541015625 0.04419191919191919 0.072265625
3 0.6755050505050505 0.546142578125 0.029040404040404026 0.05517578125
3 0.4586489898989899 0.547119140625 0.033459595959595974 0.05126953125
5 0.1928661616161616 0.548583984375 0.024621212121212148 0.05419921875
3 0.8535353535353536 0.550048828125 0.03156565656565665 0.04931640625
3 0.2828282828282828 0.5517578125 0.026515151515151547 0.04296875
1 0.5845959595959596 0.552490234375 0.029040404040404026 0.05029296875
10 0.7607323232323232 0.640380859375 0.029040404040404026 0.05419921875
9 0.1268939393939394 0.646728515625 0.04419191919191919 0.04833984375
15 0.10732323232323232 0.734619140625 0.04419191919191919 0.07861328125
3 0.27051767676767674 0.73681640625 0.03598484848484845 0.04296875
3 0.4517045454545454 0.738037109375 0.029671717171717182 0.04541015625
9 0.11395202020202021 0.827392578125 0.0422979797979798 0.05712890625
7 0.17834595959595959 0.833251953125 0.035984848484848474 0.05419921875
13 0.7875631313131313 0.833984375 0.04103535353535356 0.0458984375
14 0.35763888888888884 0.834716796875 0.037247474747474765 0.04931640625
13 0.5808080808080808 0.834716796875 0.026515151515151547 0.05126953125
13 0.6821338383838383 0.835693359375 0.0359848484848486 0.04833984375
5 0.22727272727272724 0.182373046875 0.022727272727272752 0.04931640625
1 0.5950126262626262 0.18310546875 0.04482323232323235 0.046875
3 0.8554292929292929 0.18310546875 0.03282828282828296 0.046875
15 0.1338383838383838 0.18310546875 0.04797979797979799 0.0712890625
3 0.47506313131313127 0.183837890625 0.034722222222222286 0.05419921875
5 0.31029040404040403 0.18408203125 0.029671717171717182 0.0498046875
4 0.3952020202020202 0.184326171875 0.027777777777777714 0.05029296875
3 0.6821338383838383 0.185302734375 0.03093434343434335 0.06103515625
9 0.13636363636363635 0.278564453125 0.03282828282828282 0.05126953125