15 0.13636363636363635 0.3798828125 0.03282828282828282 0.0693359375
1 0.7989267676767676 0.3857421875 0.033459595959595974 0.0458984375
0 0.6960227272727273 0.389404296875 0.033459595959595974 0.05126953125
0 0.411300505050505 0.38916015625 0.030934343434343495 0.0556640625
9 0.13857323232323232 0.47412109375 0.037247474747474765 0.041015625
8 0.30808080808080807 0.475830078125 0.022727272727272752 0.05419921875
8 0.5921717171717171 0.4755859375 0.026515151515151547 0.0556640625
7 0.20833333333333331 0.47705078125 0.027777777777777787 0.046875
15 0.13920454545454544 0.579345703125 0.030934343434343422 0.06591796875
1 0.7982954545454545 0.585693359375 0.02083333333333343 0.05126953125
2 0.29166666666666663 0.58642578125 0.01893939393939396 0.04296875
1 0.2039141414141414 0.587158203125 0.01893939393939396 0.04345703125
0 0.46811868686868685 0.588623046875 0.034722222222222286 0.04833984375
1 0.37784090909090906 0.589111328125 0.03219696969696966 0.05419921875
0 0.6963383838383838 0.592041015625 0.0265151515151514 0.05712890625
9 0.1379419191919192 0.674072265625 0.039772727272727286 0.05712890625
8 0.5950126262626262 0.67529296875 0.029671717171717182 0.0517578125
15 0.14488636363636362 0.77880859375 0.0422979797979798 0.0732421875
1 0.39078282828282823 0.783203125 0.023989898989898922 0.048828125
8 0.6054292929292929 0.8720703125 0.027777777777777714 0.0546875
14 0.7279040404040404 0.875732421875 0.027777777777777714 0.04541015625
9 0.1442550505050505 0.87548828125 0.03851010101010101 0.0361328125
7 0.21875 0.87548828125 0.02840909090909087 0.052734375
15 0.1360479797979798 0.1806640625 0.03851010101010101 0.080078125
1 0.8027146464646464 0.184814453125 0.023358585858585766 0.05126953125
2 0.3106060606060606 0.184814453125 0.03156565656565654 0.04833984375
1 0.3970959595959596 0.186767578125 0.027777777777777714 0.05224609375
0 0.48232323232323226 0.189208984375 0.031565656565656505 0.05126953125
0 0.7045454545454545 0.189697265625 0.03156565656565665 0.05029296875
1 0.22948232323232323 0.190673828125 0.03472222222222222 0.05224609375
8 0.6019570707070707 0.27490234375 0.033459595959595974 0.0556640625
9 0.1351010101010101 0.275634765625 0.031565656565656575 0.04833984375