15 0.12531565656565655 0.4873046875 0.03851010101010101 0.0947265625
2 0.7458964646464645 0.48779296875 0.03851010101010093 0.07421875
0 0.6486742424242424 0.490234375 0.04482323232323228 0.0771484375
0 0.5520833333333333 0.491943359375 0.04229797979797987 0.08447265625
0 0.8402777777777777 0.492919921875 0.05555555555555543 0.07861328125
8 0.17771464646464644 0.58349609375 0.033459595959595974 0.07421875
9 0.1240530303030303 0.58349609375 0.044823232323232313 0.064453125
8 0.26988636363636365 0.58740234375 0.04482323232323235 0.0673828125
14 0.3696338383838384 0.58837890625 0.037247474747474765 0.06640625
4 0.24021464646464644 0.76904296875 0.04482323232323235 0.0673828125
15 0.12468434343434343 0.76953125 0.039772727272727286 0.0986328125
4 0.3033459595959596 0.76953125 0.03851010101010101 0.0703125
4 0.4232954545454546 0.771484375 0.03598484848484845 0.072265625
3 0.48200757575757575 0.77197265625 0.04229797979797972 0.0693359375
2 0.5445075757575758 0.7724609375 0.039772727272727244 0.06640625
2 0.18087121212121213 0.7744140625 0.03598484848484845 0.07421875
0 0.6051136363636364 0.7783203125 0.04608585858585852 0.07421875
8 0.7455808080808081 0.86962890625 0.03282828282828296 0.072265625
8 0.6849747474747475 0.86962890625 0.029040404040404026 0.0712890625
10 0.8046085858585857 0.872802734375 0.04103535353535356 0.08056640625
9 0.12310606060606061 0.8740234375 0.050505050505050504 0.0732421875
15 0.12089646464646464 0.196044921875 0.044823232323232313 0.10302734375
4 0.5804924242424242 0.196533203125 0.043560606060606036 0.06103515625
2 0.3235479797979798 0.197265625 0.03472222222222225 0.0712890625
4 0.5192550505050505 0.197265625 0.04229797979797987 0.0693359375
2 0.46117424242424243 0.2021484375 0.03598484848484845 0.0693359375
0 0.38099747474747475 0.203857421875 0.04229797979797987 0.08251953125
0 0.7610479797979798 0.205322265625 0.04229797979797987 0.08154296875
0 0.8765782828282829 0.206298828125 0.04356060606060618 0.08056640625
0 0.7004419191919192 0.206298828125 0.03851010101010093 0.08349609375
0 0.20359848484848483 0.20703125 0.047348484848484834 0.0732421875
0 0.2610479797979798 0.20751953125 0.0422979797979798 0.0712890625
9 0.12468434343434343 0.2978515625 0.04987373737373738 0.0654296875