15 0.049 0.476 0.019 0.051
0 0.08825 0.48 0.0225 0.043
1 0.13275 0.478 0.0195 0.041
2 0.176 0.476 0.022 0.041
3 0.21975 0.477 0.0225 0.043
4 0.26425 0.475 0.0215 0.041
5 0.30675 0.4735 0.0185 0.044
6 0.33275 0.4795 0.0195 0.044
0 0.37125 0.4785 0.0175 0.048
1 0.41275 0.4745 0.0185 0.042
2 0.45625 0.477 0.0195 0.043
3 0.49775 0.476 0.0195 0.041
4 0.54025 0.475 0.0205 0.045
5 0.57025 0.4735 0.0175 0.052
6 0.61525 0.472 0.0195 0.049
0 0.65975 0.471 0.0185 0.053
1 0.70525 0.4695 0.0215 0.054
2 0.74575 0.4675 0.0175 0.052
3 0.78375 0.466 0.0175 0.059
4 0.81025 0.46475 0.0175 0.0615
5 0.84625 0.46525 0.0185 0.0645
6 0.88575 0.46175 0.0215 0.0675
0 0.923 0.45975 0.016 0.0715
9 0.04825 0.53575 0.0205 0.0395
10 0.08725 0.537 0.0225 0.05
8 0.13075 0.53575 0.0175 0.0415
7 0.174 0.53525 0.016 0.0385
14 0.21625 0.53575 0.0195 0.0375
13 0.25975 0.53875 0.0165 0.0395
12 0.3035 0.5415 0.016 0.041
11 0.3305 0.541 0.015 0.042
10 0.37025 0.53275 0.0175 0.0415
8 0.41475 0.53675 0.0165 0.0355
7 0.45625 0.53825 0.0175 0.0385
14 0.5 0.53725 0.017 0.0385
13 0.54475 0.5405 0.0175 0.041
12 0.57275 0.543 0.0205 0.038
11 0.61675 0.543 0.0205 0.044
10 0.66125 0.5435 0.0235 0.045