15 0.028645833333333332 0.3978260869565217 0.020833333333333332 0.22608695652173913
0 0.07057291666666667 0.41304347826086957 0.022395833333333334 0.1782608695652174
1 0.1171875 0.40108695652173915 0.019791666666666666 0.17608695652173914
2 0.16223958333333333 0.40217391304347827 0.0203125 0.16956521739130434
3 0.20625 0.39021739130434785 0.017708333333333333 0.15869565217391304
4 0.25416666666666665 0.3967391304347826 0.021875 0.17173913043478262
5 0.2984375 0.38804347826086955 0.014583333333333334 0.16304347826086957
6 0.32421875 0.4043478260869565 0.016145833333333335 0.16956521739130434
0 0.36302083333333335 0.40108695652173915 0.016666666666666666 0.16304347826086957
1 0.40859375 0.4032608695652174 0.013020833333333334 0.15869565217391304
2 0.45338541666666665 0.391304347826087 0.015104166666666667 0.14347826086956522
3 0.4981770833333333 0.4032608695652174 0.0203125 0.17173913043478262
4 0.54375 0.3847826086956522 0.019791666666666666 0.16956521739130434
5 0.5713541666666667 0.37717391304347825 0.016666666666666666 0.19782608695652174
6 0.61953125 0.3826086956521739 0.0203125 0.20869565217391303
0 0.6666666666666666 0.3739130434782609 0.020833333333333332 0.23043478260869565
1 0.7119791666666667 0.3717391304347826 0.020833333333333332 0.23043478260869565
2 0.7552083333333334 0.36195652173913045 0.019791666666666666 0.25
3 0.7958333333333333 0.3467391304347826 0.019791666666666666 0.24565217391304348
4 0.8216145833333334 0.35978260869565215 0.018229166666666668 0.25869565217391305
5 0.8606770833333334 0.3391304347826087 0.021354166666666667 0.26956521739130435
6 0.8997395833333334 0.3347826086956522 0.018229166666666668 0.2782608695652174
0 0.9401041666666666 0.3293478260869565 0.01875 0.3065217391304348
9 0.028645833333333332 0.6532608695652173 0.021875 0.17608695652173914
10 0.06770833333333333 0.6445652173913043 0.01875 0.1934782608695652
8 0.11458333333333333 0.6565217391304348 0.019791666666666666 0.1826086956521739
7 0.16015625 0.657608695652174 0.021354166666666667 0.17608695652173914
14 0.20494791666666667 0.6630434782608695 0.019270833333333334 0.16956521739130434
13 0.2513020833333333 0.6663043478260869 0.021354166666666667 0.16304347826086957
12 0.2955729166666667 0.6782608695652174 0.015104166666666667 0.17391304347826086
11 0.32421875 0.6880434782608695 0.0171875 0.17173913043478262
10 0.36380208333333336 0.6521739130434783 0.0203125 0.18695652173913044
8 0.41119791666666666 0.6652173913043479 0.0203125 0.1782608695652174
7 0.4546875 0.6608695652173913 0.019791666666666666 0.1565217391304348
14 0.5 0.6673913043478261 0.021875 0.16956521739130434
13 0.5471354166666667 0.675 0.0203125 0.15869565217391304
12 0.5747395833333333 0.6782608695652174 0.0203125 0.18695652173913044
11 0.6205729166666667 0.6858695652173913 0.019270833333333334 0.1891304347826087
10 0.6705729166666666 0.6923913043478261 0.022395833333333334 0.18043478260869567