15 0.044270833333333336 0.34888059701492535 0.036458333333333336 0.332089552238806
0 0.1140625 0.3880597014925373 0.03333333333333333 0.27611940298507465
1 0.13776041666666666 0.3675373134328358 0.0234375 0.23507462686567165
2 0.17526041666666667 0.355410447761194 0.024479166666666666 0.22201492537313433
3 0.2 0.3572761194029851 0.022916666666666665 0.22201492537313433
4 0.23541666666666666 0.33861940298507465 0.01875 0.23694029850746268
5 0.25729166666666664 0.3302238805970149 0.019791666666666666 0.25
6 0.290625 0.3675373134328358 0.027083333333333334 0.2462686567164179
0 0.31666666666666665 0.3666044776119403 0.027083333333333334 0.22201492537313433
1 0.35182291666666665 0.3460820895522388 0.022395833333333334 0.22201492537313433
2 0.3736979166666667 0.34794776119402987 0.0203125 0.21828358208955223
3 0.40963541666666664 0.3414179104477612 0.0203125 0.24253731343283583
4 0.43255208333333334 0.3283582089552239 0.021354166666666667 0.23880597014925373
5 0.4705729166666667 0.32276119402985076 0.022395833333333334 0.2798507462686567
6 0.50078125 0.3199626865671642 0.027604166666666666 0.292910447761194
0 0.5440104166666667 0.31343283582089554 0.025520833333333333 0.332089552238806
1 0.5744791666666667 0.3050373134328358 0.022916666666666665 0.3376865671641791
2 0.61796875 0.28544776119402987 0.028645833333333332 0.3619402985074627
3 0.65546875 0.28171641791044777 0.03177083333333333 0.373134328358209
4 0.7158854166666667 0.26865671641791045 0.027604166666666666 0.376865671641791
5 0.75703125 0.2667910447761194 0.0328125 0.3805970149253731
6 0.815625 0.26119402985074625 0.030208333333333334 0.43656716417910446
0 0.8565104166666667 0.2593283582089552 0.0328125 0.43656716417910446
9 0.043229166666666666 0.746268656716418 0.0375 0.2462686567164179
10 0.11041666666666666 0.726679104477612 0.03125 0.28544776119402987
8 0.13958333333333334 0.7425373134328358 0.021875 0.26865671641791045
7 0.17447916666666666 0.7509328358208955 0.022916666666666665 0.24440298507462688
14 0.19817708333333334 0.7639925373134329 0.0171875 0.22201492537313433
13 0.23177083333333334 0.7705223880597015 0.022916666666666665 0.23507462686567165
12 0.2557291666666667 0.7779850746268657 0.01875 0.26119402985074625
11 0.2908854166666667 0.7705223880597015 0.0203125 0.2462686567164179
10 0.31666666666666665 0.7444029850746269 0.021875 0.2873134328358209
8 0.35390625 0.7509328358208955 0.021354166666666667 0.2332089552238806
7 0.3763020833333333 0.7621268656716418 0.022395833333333334 0.2294776119402985
14 0.4127604166666667 0.7593283582089553 0.021354166666666667 0.23134328358208955
13 0.43385416666666665 0.7789179104477612 0.017708333333333333 0.23694029850746268
12 0.4734375 0.7798507462686567 0.03125 0.25
11 0.503125 0.789179104477612 0.030208333333333334 0.3208955223880597
10 0.5447916666666667 0.7938432835820896 0.03333333333333333 0.28171641791044777