15 0.03697916666666667 0.36630434782608695 0.03125 0.29782608695652174
0 0.08984375 0.3847826086956522 0.0265625 0.23043478260869565
1 0.12604166666666666 0.37717391304347825 0.020833333333333332 0.22391304347826088
2 0.16927083333333334 0.36630434782608695 0.019791666666666666 0.20217391304347826
3 0.20234375 0.3641304347826087 0.022395833333333334 0.2108695652173913
4 0.24765625 0.358695652173913 0.019270833333333334 0.20434782608695654
5 0.2794270833333333 0.35 0.018229166666666668 0.23478260869565218
6 0.3216145833333333 0.3804347826086957 0.018229166666666668 0.24347826086956523
0 0.3533854166666667 0.3717391304347826 0.0171875 0.23043478260869565
1 0.39895833333333336 0.35978260869565215 0.01875 0.21956521739130436
2 0.43203125 0.35434782608695653 0.018229166666666668 0.21739130434782608
3 0.47708333333333336 0.3532608695652174 0.01875 0.21956521739130436
4 0.5075520833333333 0.3532608695652174 0.021354166666666667 0.24130434782608695
5 0.5546875 0.33369565217391306 0.023958333333333335 0.24565217391304348
6 0.5924479166666666 0.32717391304347826 0.025520833333333333 0.24565217391304348
0 0.6432291666666666 0.32282608695652176 0.026041666666666668 0.26304347826086955
1 0.6802083333333333 0.3119565217391304 0.022916666666666665 0.2891304347826087
2 0.73125 0.3141304347826087 0.022916666666666665 0.33260869565217394
3 0.76796875 0.3076086956521739 0.024479166666666666 0.33260869565217394
4 0.8182291666666667 0.28695652173913044 0.023958333333333335 0.34782608695652173
5 0.8557291666666667 0.2902173913043478 0.021875 0.35434782608695653
6 0.9046875 0.275 0.020833333333333332 0.3717391304347826
0 0.94140625 0.27391304347826084 0.024479166666666666 0.41739130434782606
9 0.03619791666666667 0.716304347826087 0.03177083333333333 0.23695652173913043
10 0.08776041666666666 0.7097826086956521 0.019270833333333334 0.2543478260869565
8 0.12265625 0.7141304347826087 0.019270833333333334 0.24565217391304348
7 0.16770833333333332 0.7206521739130435 0.019791666666666666 0.21956521739130436
14 0.20182291666666666 0.725 0.019270833333333334 0.20217391304347826
13 0.24479166666666666 0.7391304347826086 0.017708333333333333 0.20434782608695654
12 0.27786458333333336 0.7369565217391304 0.0203125 0.21304347826086956
11 0.3216145833333333 0.7565217391304347 0.018229166666666668 0.2391304347826087
10 0.3575520833333333 0.7184782608695652 0.018229166666666668 0.21956521739130436
8 0.40130208333333334 0.725 0.021354166666666667 0.2108695652173913
7 0.43463541666666666 0.7293478260869565 0.019270833333333334 0.22391304347826088
14 0.478125 0.7347826086956522 0.023958333333333335 0.20434782608695654
13 0.5119791666666667 0.7434782608695653 0.020833333333333332 0.22608695652173913
12 0.55625 0.7521739130434782 0.025 0.24347826086956523
11 0.5927083333333333 0.758695652173913 0.025 0.25217391304347825
10 0.6442708333333333 0.7717391304347826 0.023958333333333335 0.2782608695652174