15 0.0296875 0.34959349593495936 0.022916666666666665 0.21951219512195122
0 0.071875 0.3567073170731707 0.025 0.20528455284552846
1 0.11692708333333333 0.36077235772357724 0.024479166666666666 0.17682926829268292
2 0.15885416666666666 0.34552845528455284 0.020833333333333332 0.1951219512195122
3 0.2 0.3465447154471545 0.020833333333333332 0.18089430894308944
4 0.24401041666666667 0.3465447154471545 0.019270833333333334 0.18495934959349594
5 0.2875 0.3434959349593496 0.020833333333333332 0.1910569105691057
6 0.32421875 0.36077235772357724 0.0171875 0.18495934959349594
0 0.3611979166666667 0.34959349593495936 0.016145833333333335 0.16666666666666666
1 0.40286458333333336 0.3384146341463415 0.018229166666666668 0.17682926829268292
2 0.44375 0.3465447154471545 0.01875 0.16056910569105692
3 0.4859375 0.3465447154471545 0.017708333333333333 0.1483739837398374
4 0.5286458333333334 0.3465447154471545 0.020833333333333332 0.17276422764227642
5 0.5716145833333334 0.33028455284552843 0.0203125 0.18089430894308944
6 0.6174479166666667 0.32621951219512196 0.022395833333333334 0.18495934959349594
0 0.6627604166666666 0.3241869918699187 0.0203125 0.20528455284552846
1 0.70546875 0.32113821138211385 0.024479166666666666 0.22357723577235772
2 0.7440104166666667 0.3048780487804878 0.0203125 0.21544715447154472
3 0.7815104166666667 0.30691056910569103 0.019270833333333334 0.23577235772357724
4 0.8182291666666667 0.29573170731707316 0.017708333333333333 0.2459349593495935
5 0.8596354166666667 0.30589430894308944 0.022395833333333334 0.2784552845528455
6 0.89765625 0.2855691056910569 0.018229166666666668 0.2784552845528455
0 0.93359375 0.2815040650406504 0.0203125 0.27439024390243905
9 0.029947916666666668 0.6016260162601627 0.021354166666666667 0.17073170731707318
10 0.0703125 0.592479674796748 0.019791666666666666 0.17682926829268292
8 0.1125 0.5985772357723578 0.016666666666666666 0.17682926829268292
7 0.15572916666666667 0.5945121951219512 0.01875 0.17276422764227642
14 0.19713541666666667 0.6016260162601627 0.0171875 0.15853658536585366
13 0.23932291666666666 0.6097560975609756 0.016145833333333335 0.16260162601626016
12 0.2838541666666667 0.6209349593495935 0.017708333333333333 0.1524390243902439
11 0.32369791666666664 0.6229674796747967 0.018229166666666668 0.17682926829268292
10 0.36328125 0.5995934959349594 0.019270833333333334 0.17073170731707318
8 0.4049479166666667 0.6036585365853658 0.021354166666666667 0.16666666666666666
7 0.44635416666666666 0.6097560975609756 0.019791666666666666 0.17479674796747968
14 0.48984375 0.6148373983739838 0.022395833333333334 0.16463414634146342
13 0.53046875 0.6189024390243902 0.021354166666666667 0.17276422764227642
12 0.5734375 0.633130081300813 0.019791666666666666 0.17276422764227642
11 0.61875 0.6310975609756098 0.025 0.20934959349593496
10 0.6640625 0.6432926829268293 0.022916666666666665 0.22967479674796748